DAY HR   LAT     LON     DEP       CON
184 10 36.00 -86.80 0.88E+01 0.044    
184 10 36.05 -86.80 0.13E+01 0.0065    
184 10 36.10 -86.80 0.88E-01 5.4E-4    
184 10 36.15 -86.80 0.13E-02 3.9E-6    
184 10 36.00 -86.75 0.25E+01 0.014    
184 10 36.05 -86.75 0.27E+01 0.016    
184 10 36.10 -86.75 0.42E+00 0.0024    
184 10 36.15 -86.75 0.11E+00 6.7E-4    
184 10 36.20 -86.75 0.18E-01 9.4E-5    
184 10 36.25 -86.75 0.11E-02 4.5E-6    
184 10 36.30 -86.75 0.40E-04 0.0    
184 10 35.95 -86.70 0.60E-01 1.9E-4    
184 10 36.00 -86.70 0.48E+00 0.0029    
184 10 36.05 -86.70 0.12E+01 0.0067    
184 10 36.10 -86.70 0.36E+00 0.002    
184 10 36.15 -86.70 0.11E+00 7.5E-4    
184 10 36.20 -86.70 0.48E-01 2.3E-4    
184 10 36.25 -86.70 0.21E-01 1.4E-4    
184 10 36.30 -86.70 0.31E-02 1.4E-5    
184 10 36.35 -86.70 0.85E-04 9.4E-7    
184 10 35.95 -86.65 0.12E+00 5.3E-4    
184 10 36.00 -86.65 0.24E+00 0.0011    
184 10 36.05 -86.65 0.26E+00 0.0013    
184 10 36.10 -86.65 0.52E+00 0.0026    
184 10 36.15 -86.65 0.11E+00 6.8E-4    
184 10 36.20 -86.65 0.26E-01 1.7E-4    
184 10 36.25 -86.65 0.15E-01 1.4E-4    
184 10 36.30 -86.65 0.10E-01 7.3E-5    
184 10 36.35 -86.65 0.28E-02 1.7E-5    
184 10 36.40 -86.65 0.25E-03 2.3E-6    
184 10 35.90 -86.60 0.14E-01 3.4E-5    
184 10 35.95 -86.60 0.14E+00 6.5E-4    
184 10 36.00 -86.60 0.14E+00 7.1E-4    
184 10 36.05 -86.60 0.11E+00 6.0E-4    
184 10 36.10 -86.60 0.27E+00 0.0012    
184 10 36.15 -86.60 0.20E+00 7.5E-4    
184 10 36.20 -86.60 0.30E-01 2.3E-4    
184 10 36.25 -86.60 0.17E-01 1.0E-4    
184 10 36.30 -86.60 0.17E-01 1.8E-4    
184 10 36.35 -86.60 0.24E-02 1.5E-5    
184 10 36.40 -86.60 0.83E-03 5.9E-6    
184 10 36.45 -86.60 0.27E-03 1.5E-6    
184 10 35.85 -86.55 0.16E-02 7.5E-6    
184 10 35.90 -86.55 0.32E-01 6.3E-5    
184 10 35.95 -86.55 0.76E-01 3.2E-4    
184 10 36.00 -86.55 0.78E-01 3.1E-4    
184 10 36.05 -86.55 0.70E-01 4.3E-4    
184 10 36.10 -86.55 0.12E+00 6.8E-4    
184 10 36.15 -86.55 0.20E+00 9.3E-4    
184 10 36.20 -86.55 0.97E-01 4.7E-4    
184 10 36.25 -86.55 0.13E-01 1.2E-4    
184 10 36.30 -86.55 0.92E-02 7.6E-5    
184 10 36.35 -86.55 0.90E-02 1.1E-4    
184 10 36.40 -86.55 0.76E-03 3.6E-6    
184 10 36.45 -86.55 0.45E-03 2.5E-6    
184 10 36.50 -86.55 0.33E-04 1.3E-8    
184 10 35.85 -86.50 0.17E-03 0.0    
184 10 35.90 -86.50 0.25E-01 1.4E-4    
184 10 35.95 -86.50 0.73E-01 4.2E-4    
184 10 36.00 -86.50 0.49E-01 2.2E-4    
184 10 36.05 -86.50 0.39E-01 1.7E-4    
184 10 36.10 -86.50 0.48E-01 2.0E-4    
184 10 36.15 -86.50 0.91E-01 4.0E-4    
184 10 36.20 -86.50 0.13E+00 7.1E-4    
184 10 36.25 -86.50 0.33E-01 1.6E-4    
184 10 36.30 -86.50 0.68E-02 5.2E-5    
184 10 36.35 -86.50 0.20E-02 1.5E-5    
184 10 36.40 -86.50 0.27E-02 7.1E-6    
184 10 36.45 -86.50 0.12E-03 4.1E-7    
184 10 36.50 -86.50 0.10E-03 9.0E-7    
184 10 36.55 -86.50 0.21E-06 2.0E-9    
184 10 35.85 -86.45 0.17E-01 1.5E-4    
184 10 35.90 -86.45 0.56E-01 2.3E-4    
184 10 35.95 -86.45 0.64E-01 3.5E-4    
184 10 36.00 -86.45 0.53E-01 4.0E-4    
184 10 36.05 -86.45 0.32E-01 1.1E-4    
184 10 36.10 -86.45 0.22E-01 1.1E-4    
184 10 36.15 -86.45 0.34E-01 1.5E-4    
184 10 36.20 -86.45 0.70E-01 3.7E-4    
184 10 36.25 -86.45 0.64E-01 3.3E-4    
184 10 36.30 -86.45 0.18E-01 1.1E-4    
184 10 36.35 -86.45 0.17E-02 1.1E-5    
184 10 36.40 -86.45 0.86E-03 7.6E-6    
184 10 36.45 -86.45 0.34E-03 1.9E-6    
184 10 36.50 -86.45 0.99E-05 5.8E-8    
184 10 36.55 -86.45 0.69E-05 1.6E-9    
184 10 35.85 -86.40 0.88E-02 4.6E-5    
184 10 35.90 -86.40 0.46E-01 2.4E-4    
184 10 35.95 -86.40 0.72E-01 3.6E-4    
184 10 36.00 -86.40 0.33E-01 2.2E-4    
184 10 36.05 -86.40 0.21E-01 9.2E-5    
184 10 36.10 -86.40 0.28E-01 2.4E-4    
184 10 36.15 -86.40 0.27E-01 8.9E-5    
184 10 36.20 -86.40 0.44E-01 2.2E-4    
184 10 36.25 -86.40 0.47E-01 1.5E-4    
184 10 36.30 -86.40 0.21E-01 1.1E-4    
184 10 36.35 -86.40 0.40E-02 4.5E-6    
184 10 36.40 -86.40 0.15E-02 1.6E-5    
184 10 36.45 -86.40 0.63E-03 2.0E-6    
184 10 36.50 -86.40 0.14E-03 1.3E-7    
184 10 36.55 -86.40 0.25E-04 1.7E-7    
184 10 36.60 -86.40 0.11E-06 2.6E-13    
184 10 35.85 -86.35 0.50E-02 0.0    
184 10 35.90 -86.35 0.21E-01 1.0E-4    
184 10 35.95 -86.35 0.46E-01 2.7E-4    
184 10 36.00 -86.35 0.23E-01 6.0E-5    
184 10 36.05 -86.35 0.13E-01 4.1E-5    
184 10 36.10 -86.35 0.17E-01 9.2E-5    
184 10 36.15 -86.35 0.18E-01 1.4E-4    
184 10 36.20 -86.35 0.25E-01 8.6E-5    
184 10 36.25 -86.35 0.40E-01 2.0E-4    
184 10 36.30 -86.35 0.28E-01 1.1E-4    
184 10 36.35 -86.35 0.75E-02 1.1E-5    
184 10 36.40 -86.35 0.35E-03 2.8E-6    
184 10 36.45 -86.35 0.59E-03 1.9E-7    
184 10 36.50 -86.35 0.23E-03 2.0E-6    
184 10 36.55 -86.35 0.37E-04 2.8E-7    
184 10 36.60 -86.35 0.96E-05 1.4E-7    
184 10 36.65 -86.35 0.62E-08 3.9E-14    
184 10 35.85 -86.30 0.14E-01 1.0E-4    
184 10 35.90 -86.30 0.32E-01 2.2E-4    
184 10 35.95 -86.30 0.39E-01 8.9E-5    
184 10 36.00 -86.30 0.28E-01 1.6E-4    
184 10 36.05 -86.30 0.17E-01 9.3E-5    
184 10 36.10 -86.30 0.84E-02 5.5E-5    
184 10 36.15 -86.30 0.21E-01 4.4E-5    
184 10 36.20 -86.30 0.91E-02 3.9E-5    
184 10 36.25 -86.30 0.18E-01 6.2E-5    
184 10 36.30 -86.30 0.20E-01 6.2E-5    
184 10 36.35 -86.30 0.18E-01 9.5E-5    
184 10 36.40 -86.30 0.16E-02 7.6E-7    
184 10 36.45 -86.30 0.42E-04 1.8E-7    
184 10 36.50 -86.30 0.33E-04 4.3E-7    
184 10 36.55 -86.30 0.15E-04 7.1E-8    
184 10 36.60 -86.30 0.66E-05 3.5E-8    
184 10 36.65 -86.30 0.28E-05 6.4E-9    
184 10 35.85 -86.25 0.16E-02 0.0    
184 10 35.90 -86.25 0.26E-01 9.6E-5    
184 10 35.95 -86.25 0.23E-01 5.7E-5    
184 10 36.00 -86.25 0.25E-01 1.6E-4    
184 10 36.05 -86.25 0.17E-01 9.8E-5    
184 10 36.10 -86.25 0.11E-01 3.5E-5    
184 10 36.15 -86.25 0.72E-02 4.0E-5    
184 10 36.20 -86.25 0.11E-01 8.1E-5    
184 10 36.25 -86.25 0.88E-02 6.6E-5    
184 10 36.30 -86.25 0.11E-01 8.7E-5    
184 10 36.35 -86.25 0.22E-01 9.4E-5    
184 10 36.40 -86.25 0.52E-02 1.6E-5    
184 10 36.45 -86.25 0.97E-03 8.8E-6    
184 10 36.50 -86.25 0.30E-04 5.6E-7    
184 10 36.55 -86.25 0.46E-04 9.9E-7    
184 10 36.60 -86.25 0.63E-04 5.7E-8    
184 10 36.65 -86.25 0.16E-05 1.1E-8    
184 10 36.70 -86.25 0.76E-09 1.2E-11    
184 10 35.85 -86.20 0.93E-03 0.0    
184 10 35.90 -86.20 0.19E-01 5.1E-5    
184 10 35.95 -86.20 0.30E-01 1.7E-4    
184 10 36.00 -86.20 0.13E-01 8.9E-5    
184 10 36.05 -86.20 0.18E-01 5.0E-5    
184 10 36.10 -86.20 0.90E-02 6.0E-5    
184 10 36.15 -86.20 0.67E-02 1.6E-5    
184 10 36.20 -86.20 0.98E-02 4.1E-5    
184 10 36.25 -86.20 0.79E-02 3.0E-5    
184 10 36.30 -86.20 0.91E-02 6.0E-5    
184 10 36.35 -86.20 0.11E-01 5.4E-5    
184 10 36.40 -86.20 0.13E-01 5.0E-5    
184 10 36.45 -86.20 0.68E-03 3.8E-7    
184 10 36.50 -86.20 0.59E-04 9.3E-8    
184 10 36.55 -86.20 0.12E-03 9.1E-7    
184 10 36.60 -86.20 0.57E-04 1.3E-8    
184 10 36.65 -86.20 0.33E-07 8.7E-11    
184 10 36.70 -86.20 0.83E-06 8.0E-12    
184 10 35.85 -86.15 0.14E-02 0.0    
184 10 35.90 -86.15 0.60E-02 2.7E-5    
184 10 35.95 -86.15 0.13E-01 3.6E-5    
184 10 36.00 -86.15 0.13E-01 3.3E-5    
184 10 36.05 -86.15 0.18E-01 1.1E-4    
184 10 36.10 -86.15 0.10E-01 3.2E-5    
184 10 36.15 -86.15 0.87E-02 5.3E-5    
184 10 36.20 -86.15 0.28E-02 8.6E-6    
184 10 36.25 -86.15 0.35E-02 1.8E-5    
184 10 36.30 -86.15 0.51E-02 1.2E-5    
184 10 36.35 -86.15 0.72E-02 2.0E-5    
184 10 36.40 -86.15 0.57E-02 1.6E-5    
184 10 36.45 -86.15 0.69E-03 1.3E-6    
184 10 36.50 -86.15 0.37E-03 3.1E-8    
184 10 36.55 -86.15 0.25E-04 9.4E-8    
184 10 36.60 -86.15 0.14E-04 6.8E-9    
184 10 36.65 -86.15 0.71E-07 5.4E-10    
184 10 36.70 -86.15 0.33E-07 4.9E-14    
184 10 36.75 -86.15 0.41E-07 3.9E-10    
184 10 36.80 -86.15 0.61E-13 0.0    
184 10 35.85 -86.10 0.19E-02 3.8E-5    
184 10 35.90 -86.10 0.85E-02 2.6E-5    
184 10 35.95 -86.10 0.17E-01 6.8E-5    
184 10 36.00 -86.10 0.16E-01 9.9E-5    
184 10 36.05 -86.10 0.43E-02 1.5E-5    
184 10 36.10 -86.10 0.14E-01 3.7E-5    
184 10 36.15 -86.10 0.91E-02 5.9E-5    
184 10 36.20 -86.10 0.50E-02 2.3E-5    
184 10 36.25 -86.10 0.66E-02 3.6E-5    
184 10 36.30 -86.10 0.73E-02 1.9E-5    
184 10 36.35 -86.10 0.49E-02 2.8E-5    
184 10 36.40 -86.10 0.43E-02 1.2E-5    
184 10 36.45 -86.10 0.38E-03 6.0E-6    
184 10 36.50 -86.10 0.72E-03 1.1E-7    
184 10 36.55 -86.10 0.17E-04 9.4E-8    
184 10 36.60 -86.10 0.19E-04 4.3E-8    
184 10 36.65 -86.10 0.62E-07 4.4E-10    
184 10 36.70 -86.10 0.19E-06 4.7E-9    
184 10 36.75 -86.10 0.79E-08 2.1E-10    
184 10 36.80 -86.10 0.28E-13 0.0    
184 10 35.85 -86.05 0.19E-02 0.0    
184 10 35.90 -86.05 0.10E-01 3.2E-5    
184 10 35.95 -86.05 0.60E-02 2.3E-5    
184 10 36.00 -86.05 0.11E-01 5.8E-5    
184 10 36.05 -86.05 0.71E-02 2.3E-5    
184 10 36.10 -86.05 0.82E-02 4.6E-5    
184 10 36.15 -86.05 0.94E-02 3.8E-5    
184 10 36.20 -86.05 0.66E-02 3.3E-5    
184 10 36.25 -86.05 0.37E-02 2.4E-5    
184 10 36.30 -86.05 0.28E-02 9.4E-6    
184 10 36.35 -86.05 0.36E-02 1.6E-5    
184 10 36.40 -86.05 0.37E-02 1.0E-5    
184 10 36.45 -86.05 0.14E-02 5.9E-6    
184 10 36.50 -86.05 0.18E-02 2.9E-9    
184 10 36.55 -86.05 0.22E-05 2.1E-9    
184 10 36.60 -86.05 0.59E-05 7.2E-9    
184 10 36.65 -86.05 0.35E-06 1.8E-9    
184 10 36.70 -86.05 0.14E-07 3.3E-12    
184 10 36.75 -86.05 0.45E-08 0.0    
184 10 36.80 -86.05 0.43E-10 1.2E-12    
184 10 35.85 -86.00 0.27E-02 0.0    
184 10 35.90 -86.00 0.65E-02 5.3E-5    
184 10 35.95 -86.00 0.88E-02 6.2E-5    
184 10 36.00 -86.00 0.73E-02 2.7E-5    
184 10 36.05 -86.00 0.12E-01 7.9E-5    
184 10 36.10 -86.00 0.86E-02 1.7E-5    
184 10 36.15 -86.00 0.10E-01 3.4E-5    
184 10 36.20 -86.00 0.89E-02 4.7E-5    
184 10 36.25 -86.00 0.16E-02 5.5E-6    
184 10 36.30 -86.00 0.20E-02 5.0E-6    
184 10 36.35 -86.00 0.26E-02 8.2E-6    
184 10 36.40 -86.00 0.14E-02 3.8E-6    
184 10 36.45 -86.00 0.79E-03 1.2E-6    
184 10 36.50 -86.00 0.27E-03 3.0E-6    
184 10 36.55 -86.00 0.82E-05 1.4E-9    
184 10 36.60 -86.00 0.10E-06 1.6E-10    
184 10 36.65 -86.00 0.18E-06 4.4E-9    
184 10 36.70 -86.00 0.34E-06 2.8E-9    
184 10 36.75 -86.00 0.31E-08 2.3E-12    
184 10 36.80 -86.00 0.60E-08 0.0    
184 10 35.90 -85.95 0.30E-02 2.2E-6    
184 10 35.95 -85.95 0.51E-02 4.1E-5    
184 10 36.00 -85.95 0.15E-01 1.9E-5    
184 10 36.05 -85.95 0.75E-02 2.3E-5    
184 10 36.10 -85.95 0.93E-02 3.6E-5    
184 10 36.15 -85.95 0.72E-02 7.0E-5    
184 10 36.20 -85.95 0.49E-02 1.3E-5    
184 10 36.25 -85.95 0.23E-02 6.1E-6    
184 10 36.30 -85.95 0.31E-02 2.2E-5    
184 10 36.35 -85.95 0.29E-02 7.7E-6    
184 10 36.40 -85.95 0.21E-02 8.8E-6    
184 10 36.45 -85.95 0.52E-03 8.2E-8    
184 10 36.50 -85.95 0.19E-04 1.1E-9    
184 10 36.55 -85.95 0.84E-05 2.8E-8    
184 10 36.60 -85.95 0.12E-05 2.3E-8    
184 10 36.65 -85.95 0.45E-07 1.2E-10    
184 10 36.70 -85.95 0.30E-06 1.0E-9    
184 10 36.75 -85.95 0.42E-08 3.6E-11    
184 10 36.80 -85.95 0.14E-08 0.0    
184 10 36.85 -85.95 0.22E-11 2.8E-14    
184 10 35.80 -85.90 0.24E-07 0.0    
184 10 35.85 -85.90 0.47E-06 0.0    
184 10 35.90 -85.90 0.85E-02 2.6E-5    
184 10 35.95 -85.90 0.84E-02 1.0E-4    
184 10 36.00 -85.90 0.19E-02 1.2E-6    
184 10 36.05 -85.90 0.66E-02 9.3E-6    
184 10 36.10 -85.90 0.11E-01 4.5E-5    
184 10 36.15 -85.90 0.11E-01 7.6E-5    
184 10 36.20 -85.90 0.55E-02 2.1E-5    
184 10 36.25 -85.90 0.39E-02 2.0E-5    
184 10 36.30 -85.90 0.23E-02 9.0E-6    
184 10 36.35 -85.90 0.11E-02 3.7E-6    
184 10 36.40 -85.90 0.38E-02 1.6E-5    
184 10 36.45 -85.90 0.10E-02 1.2E-6    
184 10 36.50 -85.90 0.29E-03 9.8E-7    
184 10 36.55 -85.90 0.10E-04 2.2E-7    
184 10 36.60 -85.90 0.90E-05 1.8E-8    
184 10 36.65 -85.90 0.28E-07 1.3E-11    
184 10 36.70 -85.90 0.60E-07 3.7E-10    
184 10 36.75 -85.90 0.14E-06 3.6E-10    
184 10 36.80 -85.90 0.48E-09 6.2E-12    
184 10 36.85 -85.90 0.62E-10 5.9E-13    
184 10 35.80 -85.85 0.11E-06 0.0    
184 10 35.85 -85.85 0.12E-04 0.0    
184 10 35.90 -85.85 0.31E-02 1.9E-5    
184 10 35.95 -85.85 0.17E-02 0.0    
184 10 36.00 -85.85 0.87E-02 6.3E-5    
184 10 36.05 -85.85 0.13E-01 4.7E-5    
184 10 36.10 -85.85 0.11E-01 3.9E-5    
184 10 36.15 -85.85 0.89E-02 4.4E-5    
184 10 36.20 -85.85 0.61E-02 1.6E-5    
184 10 36.25 -85.85 0.40E-02 2.0E-5    
184 10 36.30 -85.85 0.65E-02 2.6E-5    
184 10 36.35 -85.85 0.17E-02 2.2E-6    
184 10 36.40 -85.85 0.36E-03 3.8E-7    
184 10 36.45 -85.85 0.49E-03 4.3E-8    
184 10 36.50 -85.85 0.82E-03 2.9E-8    
184 10 36.55 -85.85 0.20E-05 1.4E-9    
184 10 36.60 -85.85 0.30E-05 1.6E-10    
184 10 36.65 -85.85 0.16E-05 1.1E-8    
184 10 36.70 -85.85 0.14E-07 2.6E-11    
184 10 36.75 -85.85 0.85E-07 1.1E-11    
184 10 36.80 -85.85 0.30E-08 1.5E-11    
184 10 36.85 -85.85 0.18E-09 0.0    
184 10 35.80 -85.80 0.14E-06 0.0    
184 10 35.85 -85.80 0.75E-05 0.0    
184 10 35.90 -85.80 0.16E-02 0.0    
184 10 35.95 -85.80 0.28E-02 9.7E-6    
184 10 36.00 -85.80 0.82E-02 2.5E-5    
184 10 36.05 -85.80 0.65E-02 4.5E-5    
184 10 36.10 -85.80 0.32E-02 1.6E-5    
184 10 36.15 -85.80 0.34E-02 2.9E-5    
184 10 36.20 -85.80 0.39E-02 1.4E-5    
184 10 36.25 -85.80 0.24E-02 8.7E-6    
184 10 36.30 -85.80 0.49E-02 1.7E-5    
184 10 36.35 -85.80 0.28E-02 1.3E-5    
184 10 36.40 -85.80 0.20E-02 6.9E-6    
184 10 36.45 -85.80 0.64E-03 3.4E-6    
184 10 36.50 -85.80 0.23E-03 4.2E-7    
184 10 36.55 -85.80 0.68E-05 1.7E-9    
184 10 36.60 -85.80 0.16E-05 6.1E-10    
184 10 36.65 -85.80 0.58E-05 3.8E-8    
184 10 36.70 -85.80 0.14E-05 5.9E-9    
184 10 36.75 -85.80 0.38E-07 1.4E-11    
184 10 36.80 -85.80 0.75E-08 0.0    
184 10 36.85 -85.80 0.13E-08 0.0    
184 10 36.90 -85.80 0.26E-08 1.4E-11    
184 10 35.80 -85.75 0.27E-06 0.0    
184 10 35.85 -85.75 0.16E-04 0.0    
184 10 35.90 -85.75 0.42E-02 2.3E-5    
184 10 35.95 -85.75 0.25E-03 1.4E-6    
184 10 36.00 -85.75 0.87E-02 5.2E-5    
184 10 36.05 -85.75 0.12E-01 6.0E-5    
184 10 36.10 -85.75 0.48E-02 4.2E-5    
184 10 36.15 -85.75 0.40E-02 2.1E-5    
184 10 36.20 -85.75 0.33E-02 4.1E-5    
184 10 36.25 -85.75 0.21E-02 2.0E-7    
184 10 36.30 -85.75 0.33E-02 8.9E-6    
184 10 36.35 -85.75 0.44E-02 2.2E-5    
184 10 36.40 -85.75 0.72E-03 6.4E-7    
184 10 36.45 -85.75 0.34E-03 1.6E-6    
184 10 36.50 -85.75 0.27E-03 4.9E-7    
184 10 36.55 -85.75 0.12E-04 4.6E-9    
184 10 36.60 -85.75 0.53E-05 1.9E-8    
184 10 36.65 -85.75 0.73E-06 4.1E-10    
184 10 36.70 -85.75 0.59E-05 3.7E-8    
184 10 36.75 -85.75 0.45E-06 3.8E-9    
184 10 36.80 -85.75 0.71E-07 3.8E-10    
184 10 36.85 -85.75 0.66E-07 0.0    
184 10 36.90 -85.75 0.11E-11 0.0    
184 10 36.95 -85.75 0.32E-12 0.0    
184 10 35.80 -85.70 0.33E-06 0.0    
184 10 35.85 -85.70 0.20E-04 0.0    
184 10 35.90 -85.70 0.34E-04 0.0    
184 10 35.95 -85.70 0.30E-03 2.6E-6    
184 10 36.00 -85.70 0.22E-02 8.0E-6    
184 10 36.05 -85.70 0.37E-02 1.7E-5    
184 10 36.10 -85.70 0.27E-02 1.6E-5    
184 10 36.15 -85.70 0.53E-02 9.5E-6    
184 10 36.20 -85.70 0.59E-02 3.7E-5    
184 10 36.25 -85.70 0.13E-02 6.9E-6    
184 10 36.30 -85.70 0.26E-02 6.6E-6    
184 10 36.35 -85.70 0.20E-02 2.7E-6    
184 10 36.40 -85.70 0.32E-02 4.5E-6    
184 10 36.45 -85.70 0.36E-03 2.2E-7    
184 10 36.50 -85.70 0.61E-04 2.6E-8    
184 10 36.55 -85.70 0.46E-04 7.6E-9    
184 10 36.60 -85.70 0.45E-04 6.2E-7    
184 10 36.65 -85.70 0.21E-05 6.8E-9    
184 10 36.70 -85.70 0.15E-05 7.0E-10    
184 10 36.75 -85.70 0.37E-06 4.6E-11    
184 10 36.80 -85.70 0.58E-08 7.9E-11    
184 10 36.85 -85.70 0.93E-08 1.2E-10    
184 10 36.90 -85.70 0.15E-09 6.5E-13    
184 10 36.95 -85.70 0.23E-12 1.7E-15    
184 10 37.00 -85.70 0.52E-10 6.3E-13    
184 10 35.80 -85.65 0.37E-06 0.0    
184 10 35.85 -85.65 0.27E-04 0.0    
184 10 35.90 -85.65 0.17E-04 0.0    
184 10 35.95 -85.65 0.47E-04 0.0    
184 10 36.00 -85.65 0.63E-03 3.5E-6    
184 10 36.05 -85.65 0.39E-02 6.3E-6    
184 10 36.10 -85.65 0.46E-02 5.8E-8    
184 10 36.15 -85.65 0.12E-02 9.3E-7    
184 10 36.20 -85.65 0.51E-02 2.2E-5    
184 10 36.25 -85.65 0.30E-02 1.5E-5    
184 10 36.30 -85.65 0.27E-02 1.5E-5    
184 10 36.35 -85.65 0.19E-02 3.8E-7    
184 10 36.40 -85.65 0.13E-02 3.6E-6    
184 10 36.45 -85.65 0.88E-03 2.5E-6    
184 10 36.50 -85.65 0.68E-03 5.4E-7    
184 10 36.55 -85.65 0.43E-04 1.4E-7    
184 10 36.60 -85.65 0.42E-05 2.6E-9    
184 10 36.65 -85.65 0.63E-05 4.3E-8    
184 10 36.70 -85.65 0.37E-06 7.9E-10    
184 10 36.75 -85.65 0.10E-05 7.5E-12    
184 10 36.80 -85.65 0.84E-08 3.7E-14    
184 10 36.85 -85.65 0.70E-08 2.5E-11    
184 10 36.90 -85.65 0.60E-07 6.3E-14    
184 10 36.95 -85.65 0.16E-08 0.0    
184 10 35.80 -85.60 0.15E-06 0.0    
184 10 35.85 -85.60 0.13E-04 0.0    
184 10 35.90 -85.60 0.12E-04 0.0    
184 10 35.95 -85.60 0.40E-04 0.0    
184 10 36.00 -85.60 0.25E-02 2.1E-5    
184 10 36.05 -85.60 0.85E-02 2.9E-5    
184 10 36.10 -85.60 0.33E-02 1.3E-6    
184 10 36.15 -85.60 0.98E-02 6.8E-5    
184 10 36.20 -85.60 0.93E-03 3.1E-6    
184 10 36.25 -85.60 0.29E-02 9.2E-6    
184 10 36.30 -85.60 0.24E-02 1.7E-5    
184 10 36.35 -85.60 0.19E-03 1.1E-6    
184 10 36.40 -85.60 0.44E-03 2.6E-8    
184 10 36.45 -85.60 0.15E-02 1.1E-8    
184 10 36.50 -85.60 0.27E-03 7.7E-9    
184 10 36.55 -85.60 0.17E-04 1.1E-7    
184 10 36.60 -85.60 0.14E-04 1.1E-8    
184 10 36.65 -85.60 0.20E-04 5.4E-7    
184 10 36.70 -85.60 0.56E-05 4.3E-8    
184 10 36.75 -85.60 0.61E-06 8.5E-9    
184 10 36.80 -85.60 0.91E-06 8.5E-9    
184 10 36.85 -85.60 0.11E-07 1.1E-10    
184 10 36.90 -85.60 0.21E-07 1.0E-12    
184 10 36.95 -85.60 0.90E-08 3.8E-13    
184 10 37.00 -85.60 0.30E-09 0.0    
184 10 35.85 -85.55 0.21E-04 0.0    
184 10 35.90 -85.55 0.12E-04 0.0    
184 10 36.00 -85.55 0.17E-02 0.0    
184 10 36.05 -85.55 0.17E-02 1.3E-5    
184 10 36.10 -85.55 0.51E-02 3.6E-5    
184 10 36.15 -85.55 0.43E-02 1.7E-5    
184 10 36.20 -85.55 0.12E-01 4.6E-5    
184 10 36.25 -85.55 0.12E-02 6.6E-6    
184 10 36.30 -85.55 0.18E-02 1.1E-6    
184 10 36.35 -85.55 0.12E-02 1.7E-6    
184 10 36.40 -85.55 0.14E-03 8.6E-8    
184 10 36.45 -85.55 0.70E-03 5.3E-6    
184 10 36.50 -85.55 0.29E-03 3.0E-7    
184 10 36.55 -85.55 0.31E-04 1.0E-8    
184 10 36.60 -85.55 0.76E-05 3.7E-8    
184 10 36.65 -85.55 0.65E-05 2.1E-10    
184 10 36.70 -85.55 0.22E-04 3.5E-10    
184 10 36.75 -85.55 0.80E-07 1.3E-10    
184 10 36.80 -85.55 0.37E-06 7.0E-9    
184 10 36.85 -85.55 0.18E-06 6.5E-11    
184 10 36.90 -85.55 0.13E-07 2.3E-12    
184 10 36.95 -85.55 0.17E-07 5.7E-13    
184 10 37.00 -85.55 0.13E-08 1.2E-11    
184 10 37.05 -85.55 0.39E-13 0.0    
184 10 37.10 -85.55 0.24E-10 1.7E-13    
184 10 35.85 -85.50 0.58E-04 0.0    
184 10 35.90 -85.50 0.23E-04 0.0    
184 10 35.95 -85.50 0.56E-03 0.0    
184 10 36.00 -85.50 0.14E-02 9.9E-6    
184 10 36.05 -85.50 0.37E-03 5.1E-6    
184 10 36.10 -85.50 0.26E-02 8.9E-6    
184 10 36.15 -85.50 0.41E-02 7.8E-6    
184 10 36.20 -85.50 0.55E-02 4.0E-5    
184 10 36.25 -85.50 0.34E-02 1.4E-6    
184 10 36.30 -85.50 0.18E-02 1.6E-5    
184 10 36.35 -85.50 0.47E-03 1.8E-6    
184 10 36.40 -85.50 0.15E-03 8.8E-7    
184 10 36.45 -85.50 0.98E-03 2.5E-6    
184 10 36.50 -85.50 0.19E-04 7.0E-8    
184 10 36.55 -85.50 0.79E-05 7.1E-9    
184 10 36.60 -85.50 0.64E-05 2.7E-9    
184 10 36.65 -85.50 0.37E-05 1.9E-8    
184 10 36.70 -85.50 0.25E-04 3.1E-8    
184 10 36.75 -85.50 0.17E-05 1.3E-8    
184 10 36.80 -85.50 0.94E-07 1.7E-11    
184 10 36.85 -85.50 0.27E-08 2.1E-11    
184 10 36.90 -85.50 0.15E-07 1.7E-12    
184 10 36.95 -85.50 0.15E-07 6.0E-11    
184 10 37.00 -85.50 0.23E-08 2.1E-15    
184 10 37.05 -85.50 0.20E-12 6.4E-16    
184 10 37.10 -85.50 0.51E-14 0.0    
184 10 35.85 -85.45 0.10E-03 0.0    
184 10 35.90 -85.45 0.12E-03 3.4E-7    
184 10 35.95 -85.45 0.34E-04 0.0    
184 10 36.00 -85.45 0.64E-02 8.6E-6    
184 10 36.05 -85.45 0.30E-04 0.0    
184 10 36.10 -85.45 0.23E-03 1.3E-6    
184 10 36.15 -85.45 0.13E-02 1.2E-5    
184 10 36.20 -85.45 0.26E-02 1.5E-5    
184 10 36.25 -85.45 0.14E-02 3.3E-6    
184 10 36.30 -85.45 0.85E-03 2.0E-7    
184 10 36.35 -85.45 0.48E-03 8.4E-7    
184 10 36.40 -85.45 0.15E-03 9.2E-8    
184 10 36.45 -85.45 0.30E-04 5.3E-8    
184 10 36.50 -85.45 0.14E-03 2.4E-8    
184 10 36.55 -85.45 0.89E-05 5.6E-8    
184 10 36.60 -85.45 0.42E-05 3.8E-9    
184 10 36.65 -85.45 0.13E-05 6.0E-9    
184 10 36.70 -85.45 0.98E-06 1.7E-9    
184 10 36.75 -85.45 0.20E-05 4.0E-10    
184 10 36.80 -85.45 0.72E-07 2.4E-11    
184 10 36.85 -85.45 0.12E-05 3.4E-11    
184 10 36.90 -85.45 0.49E-06 6.7E-9    
184 10 36.95 -85.45 0.30E-09 1.6E-12    
184 10 37.00 -85.45 0.37E-08 2.4E-14    
184 10 37.05 -85.45 0.15E-09 3.2E-13    
184 10 37.10 -85.45 0.12E-13 0.0    
184 10 35.80 -85.40 0.51E-04 0.0    
184 10 35.85 -85.40 0.46E-04 0.0    
184 10 35.90 -85.40 0.68E-04 0.0    
184 10 35.95 -85.40 0.58E-02 2.3E-5    
184 10 36.00 -85.40 0.13E-02 2.0E-5    
184 10 36.05 -85.40 0.39E-02 3.9E-5    
184 10 36.10 -85.40 0.72E-05 0.0    
184 10 36.15 -85.40 0.39E-03 3.1E-7    
184 10 36.20 -85.40 0.20E-02 8.9E-6    
184 10 36.25 -85.40 0.13E-02 2.6E-6    
184 10 36.30 -85.40 0.49E-03 6.0E-7    
184 10 36.35 -85.40 0.40E-03 2.2E-6    
184 10 36.40 -85.40 0.17E-03 8.9E-7    
184 10 36.45 -85.40 0.75E-04 9.3E-9    
184 10 36.50 -85.40 0.60E-05 8.2E-9    
184 10 36.55 -85.40 0.52E-03 6.7E-8    
184 10 36.60 -85.40 0.22E-05 2.8E-9    
184 10 36.65 -85.40 0.22E-05 2.1E-10    
184 10 36.70 -85.40 0.36E-05 2.6E-9    
184 10 36.75 -85.40 0.13E-04 1.6E-10    
184 10 36.80 -85.40 0.18E-04 2.0E-10    
184 10 36.85 -85.40 0.44E-07 1.1E-10    
184 10 36.90 -85.40 0.58E-06 5.5E-9    
184 10 36.95 -85.40 0.89E-07 1.3E-11    
184 10 37.00 -85.40 0.24E-08 9.0E-13    
184 10 37.05 -85.40 0.97E-10 0.0    
184 10 37.10 -85.40 0.33E-08 5.5E-12    
184 10 37.15 -85.40 0.24E-13 0.0    
184 10 37.20 -85.40 0.11E-11 0.0    
184 10 35.80 -85.35 0.12E-03 0.0    
184 10 35.85 -85.35 0.77E-06 0.0    
184 10 35.90 -85.35 0.40E-02 6.7E-5    
184 10 35.95 -85.35 0.71E-04 1.0E-7    
184 10 36.00 -85.35 0.86E-04 3.6E-8    
184 10 36.05 -85.35 0.15E-02 7.4E-6    
184 10 36.10 -85.35 0.12E-02 4.0E-6    
184 10 36.15 -85.35 0.12E-02 4.1E-6    
184 10 36.20 -85.35 0.11E-02 0.0    
184 10 36.25 -85.35 0.14E-02 3.8E-6    
184 10 36.30 -85.35 0.13E-02 3.3E-7    
184 10 36.35 -85.35 0.22E-02 1.7E-7    
184 10 36.40 -85.35 0.34E-04 3.6E-8    
184 10 36.45 -85.35 0.75E-04 5.1E-7    
184 10 36.50 -85.35 0.54E-05 1.2E-8    
184 10 36.55 -85.35 0.22E-05 7.1E-9    
184 10 36.60 -85.35 0.92E-04 5.6E-8    
184 10 36.65 -85.35 0.23E-05 1.6E-8    
184 10 36.70 -85.35 0.15E-05 2.7E-9    
184 10 36.75 -85.35 0.30E-05 4.8E-9    
184 10 36.80 -85.35 0.72E-07 7.3E-11    
184 10 36.85 -85.35 0.16E-06 9.8E-10    
184 10 36.90 -85.35 0.15E-07 6.1E-11    
184 10 36.95 -85.35 0.43E-06 5.2E-9    
184 10 37.00 -85.35 0.15E-06 8.2E-14    
184 10 37.05 -85.35 0.53E-08 2.2E-12    
184 10 37.10 -85.35 0.53E-08 6.5E-11    
184 10 37.15 -85.35 0.45E-08 0.0    
184 10 37.20 -85.35 0.35E-12 0.0    
184 10 37.25 -85.35 0.74E-11 7.5E-14    
184 10 35.80 -85.30 0.65E-04 0.0    
184 10 35.85 -85.30 0.46E-04 2.8E-7    
184 10 35.90 -85.30 0.16E-02 0.0    
184 10 35.95 -85.30 0.23E-02 1.1E-5    
184 10 36.00 -85.30 0.18E-02 8.3E-8    
184 10 36.05 -85.30 0.21E-02 0.0    
184 10 36.10 -85.30 0.79E-03 0.0    
184 10 36.15 -85.30 0.58E-03 0.0    
184 10 36.20 -85.30 0.19E-02 2.5E-6    
184 10 36.25 -85.30 0.16E-02 3.8E-6    
184 10 36.30 -85.30 0.28E-02 8.0E-6    
184 10 36.35 -85.30 0.20E-02 1.2E-5    
184 10 36.40 -85.30 0.19E-03 8.8E-7    
184 10 36.45 -85.30 0.15E-03 9.3E-7    
184 10 36.50 -85.30 0.30E-04 8.3E-8    
184 10 36.55 -85.30 0.51E-04 2.7E-7    
184 10 36.60 -85.30 0.16E-03 6.2E-8    
184 10 36.65 -85.30 0.42E-04 7.0E-9    
184 10 36.70 -85.30 0.11E-05 5.8E-9    
184 10 36.75 -85.30 0.35E-06 1.1E-9    
184 10 36.80 -85.30 0.13E-05 4.9E-10    
184 10 36.85 -85.30 0.67E-07 5.6E-10    
184 10 36.90 -85.30 0.19E-06 4.2E-11    
184 10 36.95 -85.30 0.66E-08 8.6E-11    
184 10 37.00 -85.30 0.48E-06 1.2E-10    
184 10 37.05 -85.30 0.84E-07 6.2E-10    
184 10 37.10 -85.30 0.32E-07 2.0E-10    
184 10 37.15 -85.30 0.64E-09 0.0    
184 10 37.20 -85.30 0.85E-12 0.0    
184 10 37.25 -85.30 0.27E-11 0.0    
184 10 37.30 -85.30 0.17E-12 0.0    
