DAY HR    LAT     LON C13700000 C13700001
184 12  36.21  -86.33  0.72E-03  0.51E-05
184 12  36.26  -86.33  0.76E-03  0.37E-05
184 12  36.31  -86.33  0.17E-03  0.85E-06
184 12  36.36  -86.33  0.75E-05  0.37E-07
184 12  36.41  -86.33  0.51E-07  0.33E-09
184 12  36.16  -86.28  0.13E+02  0.51E-01
184 12  36.21  -86.28  0.27E+01  0.12E-01
184 12  36.26  -86.28  0.73E+00  0.44E-02
184 12  36.31  -86.28  0.23E+00  0.11E-02
184 12  36.36  -86.28  0.33E-01  0.24E-03
184 12  36.41  -86.28  0.27E-02  0.83E-05
184 12  36.46  -86.28  0.15E-03  0.74E-06
184 12  36.51  -86.28  0.17E-04  0.00E+00
184 12  36.11  -86.23  0.16E-01  0.36E-04
184 12  36.16  -86.23  0.22E+01  0.97E-02
184 12  36.21  -86.23  0.25E+01  0.10E-01
184 12  36.26  -86.23  0.65E+00  0.27E-02
184 12  36.31  -86.23  0.47E+00  0.22E-02
184 12  36.36  -86.23  0.35E+00  0.14E-02
184 12  36.41  -86.23  0.14E+00  0.53E-03
184 12  36.46  -86.23  0.48E-01  0.22E-03
184 12  36.51  -86.23  0.27E-02  0.61E-05
184 12  36.56  -86.23  0.10E-03  0.43E-06
184 12  36.61  -86.23  0.46E-06  0.19E-08
184 12  36.11  -86.18  0.98E-01  0.40E-03
184 12  36.16  -86.18  0.48E+00  0.20E-02
184 12  36.21  -86.18  0.91E+00  0.34E-02
184 12  36.26  -86.18  0.46E+00  0.16E-02
184 12  36.31  -86.18  0.23E+00  0.59E-03
184 12  36.36  -86.18  0.16E+00  0.63E-03
184 12  36.41  -86.18  0.70E-01  0.27E-03
184 12  36.46  -86.18  0.87E-01  0.55E-03
184 12  36.51  -86.18  0.56E-01  0.20E-03
184 12  36.56  -86.18  0.14E-01  0.14E-03
184 12  36.61  -86.18  0.52E-03  0.10E-05
184 12  36.66  -86.18  0.46E-05  0.21E-07
184 12  36.71  -86.18  0.12E-07  0.11E-09
184 12  36.06  -86.13  0.79E-02  0.00E+00
184 12  36.11  -86.13  0.16E+00  0.62E-03
184 12  36.16  -86.13  0.23E+00  0.10E-02
184 12  36.21  -86.13  0.38E+00  0.14E-02
184 12  36.26  -86.13  0.44E+00  0.15E-02
184 12  36.31  -86.13  0.22E+00  0.60E-03
184 12  36.36  -86.13  0.12E+00  0.40E-03
184 12  36.41  -86.13  0.65E-01  0.19E-03
184 12  36.46  -86.13  0.57E-01  0.27E-03
184 12  36.51  -86.13  0.30E-01  0.10E-03
184 12  36.56  -86.13  0.37E-01  0.17E-03
184 12  36.61  -86.13  0.16E-01  0.38E-04
184 12  36.66  -86.13  0.33E-02  0.12E-04
184 12  36.71  -86.13  0.41E-04  0.46E-07
184 12  36.76  -86.13  0.13E-05  0.15E-08
184 12  36.01  -86.08  0.11E-02  0.00E+00
184 12  36.06  -86.08  0.52E-01  0.27E-03
184 12  36.11  -86.08  0.14E+00  0.66E-03
184 12  36.16  -86.08  0.13E+00  0.45E-03
184 12  36.21  -86.08  0.18E+00  0.63E-03
184 12  36.26  -86.08  0.26E+00  0.83E-03
184 12  36.31  -86.08  0.18E+00  0.76E-03
184 12  36.36  -86.08  0.99E-01  0.26E-03
184 12  36.41  -86.08  0.87E-01  0.21E-03
184 12  36.46  -86.08  0.40E-01  0.17E-03
184 12  36.51  -86.08  0.42E-01  0.19E-03
184 12  36.56  -86.08  0.19E-01  0.11E-03
184 12  36.61  -86.08  0.17E-01  0.30E-04
184 12  36.66  -86.08  0.77E-02  0.20E-04
184 12  36.71  -86.08  0.30E-02  0.13E-04
184 12  36.76  -86.08  0.54E-03  0.15E-05
184 12  36.81  -86.08  0.41E-05  0.34E-09
184 12  36.06  -86.03  0.40E-01  0.51E-04
184 12  36.11  -86.03  0.11E+00  0.41E-03
184 12  36.16  -86.03  0.84E-01  0.39E-03
184 12  36.21  -86.03  0.75E-01  0.29E-03
184 12  36.26  -86.03  0.15E+00  0.63E-03
184 12  36.31  -86.03  0.15E+00  0.49E-03
184 12  36.36  -86.03  0.94E-01  0.18E-03
184 12  36.41  -86.03  0.60E-01  0.21E-03
184 12  36.46  -86.03  0.54E-01  0.19E-03
184 12  36.51  -86.03  0.29E-01  0.55E-04
184 12  36.56  -86.03  0.24E-01  0.55E-04
184 12  36.61  -86.03  0.14E-01  0.50E-04
184 12  36.66  -86.03  0.12E-01  0.18E-04
184 12  36.71  -86.03  0.86E-02  0.37E-05
184 12  36.76  -86.03  0.82E-03  0.45E-05
184 12  36.81  -86.03  0.13E-03  0.69E-06
184 12  36.86  -86.03  0.13E-05  0.10E-07
184 12  36.01  -85.98  0.11E-01  0.76E-04
184 12  36.06  -85.98  0.42E-01  0.16E-03
184 12  36.11  -85.98  0.79E-01  0.24E-03
184 12  36.16  -85.98  0.50E-01  0.14E-03
184 12  36.21  -85.98  0.56E-01  0.21E-03
184 12  36.26  -85.98  0.69E-01  0.19E-03
184 12  36.31  -85.98  0.92E-01  0.32E-03
184 12  36.36  -85.98  0.56E-01  0.17E-03
184 12  36.41  -85.98  0.49E-01  0.14E-03
184 12  36.46  -85.98  0.36E-01  0.11E-03
184 12  36.51  -85.98  0.23E-01  0.11E-03
184 12  36.56  -85.98  0.11E-01  0.22E-04
184 12  36.61  -85.98  0.14E-01  0.44E-04
184 12  36.66  -85.98  0.13E-01  0.45E-04
184 12  36.71  -85.98  0.67E-02  0.67E-05
184 12  36.76  -85.98  0.61E-02  0.39E-04
184 12  36.81  -85.98  0.16E-02  0.10E-04
184 12  36.86  -85.98  0.12E-03  0.70E-06
184 12  36.91  -85.98  0.70E-05  0.13E-08
184 12  36.01  -85.93  0.48E-02  0.26E-04
184 12  36.06  -85.93  0.22E-01  0.58E-04
184 12  36.11  -85.93  0.50E-01  0.18E-03
184 12  36.16  -85.93  0.35E-01  0.64E-04
184 12  36.21  -85.93  0.35E-01  0.91E-04
184 12  36.26  -85.93  0.29E-01  0.14E-03
184 12  36.31  -85.93  0.45E-01  0.91E-04
184 12  36.36  -85.93  0.51E-01  0.12E-03
184 12  36.41  -85.93  0.44E-01  0.11E-03
184 12  36.46  -85.93  0.41E-01  0.10E-03
184 12  36.51  -85.93  0.35E-01  0.71E-04
184 12  36.56  -85.93  0.12E-01  0.17E-04
184 12  36.61  -85.93  0.11E-01  0.29E-04
184 12  36.66  -85.93  0.43E-02  0.11E-04
184 12  36.71  -85.93  0.11E-01  0.12E-03
184 12  36.76  -85.93  0.47E-02  0.40E-05
184 12  36.81  -85.93  0.75E-03  0.51E-05
184 12  36.86  -85.93  0.58E-03  0.15E-05
184 12  36.91  -85.93  0.27E-03  0.44E-06
184 12  36.96  -85.93  0.10E-03  0.00E+00
184 12  36.01  -85.88  0.52E-02  0.15E-04
184 12  36.06  -85.88  0.55E-02  0.10E-04
184 12  36.11  -85.88  0.34E-01  0.12E-03
184 12  36.16  -85.88  0.45E-01  0.83E-04
184 12  36.21  -85.88  0.48E-01  0.20E-03
184 12  36.26  -85.88  0.37E-01  0.10E-03
184 12  36.31  -85.88  0.34E-01  0.11E-03
184 12  36.36  -85.88  0.58E-01  0.11E-03
184 12  36.41  -85.88  0.35E-01  0.10E-03
184 12  36.46  -85.88  0.40E-01  0.12E-03
184 12  36.51  -85.88  0.31E-01  0.11E-03
184 12  36.56  -85.88  0.22E-01  0.44E-04
184 12  36.61  -85.88  0.13E-01  0.36E-04
184 12  36.66  -85.88  0.52E-02  0.13E-04
184 12  36.71  -85.88  0.38E-02  0.68E-05
184 12  36.76  -85.88  0.27E-03  0.26E-06
184 12  36.81  -85.88  0.28E-02  0.46E-06
184 12  36.86  -85.88  0.12E-02  0.15E-04
184 12  36.91  -85.88  0.28E-02  0.47E-05
184 12  36.96  -85.88  0.73E-04  0.49E-06
184 12  37.01  -85.88  0.19E-03  0.25E-07
184 12  36.01  -85.83  0.14E-03  0.00E+00
184 12  36.06  -85.83  0.13E-01  0.19E-04
184 12  36.11  -85.83  0.38E-01  0.14E-03
184 12  36.16  -85.83  0.43E-01  0.20E-03
184 12  36.21  -85.83  0.20E-01  0.78E-04
184 12  36.26  -85.83  0.23E-01  0.81E-04
184 12  36.31  -85.83  0.21E-01  0.38E-04
184 12  36.36  -85.83  0.23E-01  0.70E-04
184 12  36.41  -85.83  0.42E-01  0.83E-04
184 12  36.46  -85.83  0.21E-01  0.88E-04
184 12  36.51  -85.83  0.26E-01  0.55E-04
184 12  36.56  -85.83  0.19E-01  0.47E-04
184 12  36.61  -85.83  0.14E-01  0.79E-04
184 12  36.66  -85.83  0.90E-02  0.41E-04
184 12  36.71  -85.83  0.71E-02  0.13E-04
184 12  36.76  -85.83  0.16E-02  0.96E-05
184 12  36.81  -85.83  0.18E-02  0.71E-08
184 12  36.86  -85.83  0.11E-02  0.75E-05
184 12  36.91  -85.83  0.80E-03  0.59E-05
184 12  36.96  -85.83  0.51E-03  0.17E-05
184 12  37.01  -85.83  0.20E-03  0.21E-07
184 12  37.06  -85.83  0.17E-05  0.00E+00
184 12  36.01  -85.78  0.11E-03  0.00E+00
184 12  36.06  -85.78  0.69E-02  0.00E+00
184 12  36.11  -85.78  0.16E-01  0.44E-04
184 12  36.16  -85.78  0.73E-01  0.35E-03
184 12  36.21  -85.78  0.26E-01  0.36E-04
184 12  36.26  -85.78  0.20E-01  0.61E-04
184 12  36.31  -85.78  0.12E-01  0.31E-04
184 12  36.36  -85.78  0.12E-01  0.27E-04
184 12  36.41  -85.78  0.23E-01  0.61E-04
184 12  36.46  -85.78  0.23E-01  0.96E-04
184 12  36.51  -85.78  0.20E-01  0.32E-04
184 12  36.56  -85.78  0.13E-01  0.35E-04
184 12  36.61  -85.78  0.68E-02  0.18E-04
184 12  36.66  -85.78  0.12E-01  0.28E-04
184 12  36.71  -85.78  0.63E-02  0.12E-04
184 12  36.76  -85.78  0.36E-02  0.73E-05
184 12  36.81  -85.78  0.14E-02  0.64E-05
184 12  36.86  -85.78  0.10E-02  0.56E-05
184 12  36.91  -85.78  0.29E-03  0.11E-06
184 12  36.96  -85.78  0.91E-04  0.67E-06
184 12  37.01  -85.78  0.99E-04  0.58E-06
184 12  37.06  -85.78  0.85E-04  0.27E-07
184 12  37.11  -85.78  0.48E-04  0.62E-06
184 12  36.01  -85.73  0.19E-03  0.29E-05
184 12  36.06  -85.73  0.18E-02  0.00E+00
184 12  36.11  -85.73  0.15E-01  0.47E-04
184 12  36.16  -85.73  0.17E-01  0.23E-04
184 12  36.21  -85.73  0.22E-01  0.88E-04
184 12  36.26  -85.73  0.11E-01  0.29E-04
184 12  36.31  -85.73  0.98E-02  0.25E-04
184 12  36.36  -85.73  0.23E-01  0.83E-04
184 12  36.41  -85.73  0.13E-01  0.50E-04
184 12  36.46  -85.73  0.20E-01  0.26E-04
184 12  36.51  -85.73  0.12E-01  0.17E-04
184 12  36.56  -85.73  0.18E-01  0.52E-04
184 12  36.61  -85.73  0.96E-02  0.11E-04
184 12  36.66  -85.73  0.10E-01  0.38E-04
184 12  36.71  -85.73  0.63E-02  0.16E-04
184 12  36.76  -85.73  0.33E-02  0.10E-05
184 12  36.81  -85.73  0.25E-02  0.19E-04
184 12  36.86  -85.73  0.21E-03  0.17E-05
184 12  36.91  -85.73  0.25E-03  0.26E-05
184 12  36.96  -85.73  0.83E-04  0.55E-07
184 12  37.01  -85.73  0.20E-03  0.26E-05
184 12  37.06  -85.73  0.17E-03  0.19E-07
184 12  37.11  -85.73  0.37E-04  0.22E-08
184 12  36.06  -85.68  0.26E-02  0.00E+00
184 12  36.11  -85.68  0.76E-02  0.29E-04
184 12  36.16  -85.68  0.11E-01  0.22E-04
184 12  36.21  -85.68  0.12E-01  0.45E-04
184 12  36.26  -85.68  0.19E-01  0.22E-04
184 12  36.31  -85.68  0.45E-02  0.27E-05
184 12  36.36  -85.68  0.13E-01  0.44E-04
184 12  36.41  -85.68  0.75E-02  0.41E-04
184 12  36.46  -85.68  0.12E-01  0.31E-04
184 12  36.51  -85.68  0.10E-01  0.14E-04
184 12  36.56  -85.68  0.15E-01  0.47E-04
184 12  36.61  -85.68  0.12E-01  0.25E-04
184 12  36.66  -85.68  0.63E-02  0.13E-04
184 12  36.71  -85.68  0.34E-02  0.94E-05
184 12  36.76  -85.68  0.24E-02  0.56E-05
184 12  36.81  -85.68  0.16E-02  0.14E-05
184 12  36.86  -85.68  0.25E-02  0.38E-05
184 12  36.91  -85.68  0.93E-05  0.60E-07
184 12  36.96  -85.68  0.33E-05  0.21E-07
184 12  37.01  -85.68  0.34E-04  0.11E-07
184 12  37.06  -85.68  0.26E-03  0.21E-05
184 12  37.11  -85.68  0.34E-04  0.76E-07
184 12  37.16  -85.68  0.28E-07  0.23E-09
184 12  36.06  -85.63  0.59E-03  0.00E+00
184 12  36.11  -85.63  0.15E-01  0.67E-04
184 12  36.16  -85.63  0.98E-02  0.12E-04
184 12  36.21  -85.63  0.15E-01  0.26E-04
184 12  36.26  -85.63  0.86E-02  0.33E-04
184 12  36.31  -85.63  0.83E-02  0.23E-04
184 12  36.36  -85.63  0.84E-02  0.27E-04
184 12  36.41  -85.63  0.84E-02  0.16E-04
184 12  36.46  -85.63  0.52E-02  0.19E-04
184 12  36.51  -85.63  0.89E-02  0.16E-04
184 12  36.56  -85.63  0.14E-01  0.39E-04
184 12  36.61  -85.63  0.88E-02  0.12E-04
184 12  36.66  -85.63  0.11E-01  0.14E-04
184 12  36.71  -85.63  0.71E-02  0.18E-04
184 12  36.76  -85.63  0.42E-02  0.94E-05
184 12  36.81  -85.63  0.22E-02  0.58E-05
184 12  36.86  -85.63  0.20E-03  0.11E-05
184 12  36.91  -85.63  0.35E-02  0.16E-05
184 12  36.96  -85.63  0.54E-05  0.24E-07
184 12  37.01  -85.63  0.15E-03  0.16E-08
184 12  37.06  -85.63  0.12E-03  0.94E-06
184 12  37.11  -85.63  0.77E-05  0.51E-07
184 12  37.16  -85.63  0.17E-05  0.00E+00
184 12  36.06  -85.58  0.37E-03  0.55E-05
184 12  36.11  -85.58  0.10E-01  0.16E-04
184 12  36.16  -85.58  0.11E-01  0.32E-04
184 12  36.21  -85.58  0.15E-01  0.28E-04
184 12  36.26  -85.58  0.23E-01  0.75E-04
184 12  36.31  -85.58  0.72E-02  0.26E-04
184 12  36.36  -85.58  0.11E-01  0.40E-04
184 12  36.41  -85.58  0.46E-02  0.18E-04
184 12  36.46  -85.58  0.61E-02  0.24E-04
184 12  36.51  -85.58  0.49E-02  0.13E-04
184 12  36.56  -85.58  0.94E-02  0.30E-04
184 12  36.61  -85.58  0.11E-01  0.21E-04
184 12  36.66  -85.58  0.63E-02  0.97E-05
184 12  36.71  -85.58  0.53E-02  0.14E-04
184 12  36.76  -85.58  0.56E-02  0.28E-04
184 12  36.81  -85.58  0.20E-02  0.49E-05
184 12  36.86  -85.58  0.49E-03  0.44E-05
184 12  36.91  -85.58  0.54E-03  0.23E-07
184 12  36.96  -85.58  0.20E-02  0.40E-04
184 12  37.01  -85.58  0.65E-05  0.11E-07
184 12  37.06  -85.58  0.87E-04  0.69E-06
184 12  37.11  -85.58  0.32E-05  0.23E-07
184 12  37.16  -85.58  0.14E-04  0.56E-07
184 12  36.06  -85.53  0.97E-02  0.24E-04
184 12  36.11  -85.53  0.45E-02  0.00E+00
184 12  36.16  -85.53  0.71E-02  0.91E-05
184 12  36.21  -85.53  0.81E-02  0.34E-04
184 12  36.26  -85.53  0.15E-01  0.11E-03
184 12  36.31  -85.53  0.64E-02  0.38E-05
184 12  36.36  -85.53  0.56E-02  0.37E-05
184 12  36.41  -85.53  0.66E-02  0.85E-05
184 12  36.46  -85.53  0.51E-02  0.15E-04
184 12  36.51  -85.53  0.25E-02  0.12E-04
184 12  36.56  -85.53  0.98E-02  0.56E-05
184 12  36.61  -85.53  0.69E-02  0.18E-04
184 12  36.66  -85.53  0.54E-02  0.11E-04
184 12  36.71  -85.53  0.59E-02  0.12E-04
184 12  36.76  -85.53  0.41E-02  0.73E-05
184 12  36.81  -85.53  0.14E-02  0.11E-04
184 12  36.86  -85.53  0.13E-02  0.59E-05
184 12  36.91  -85.53  0.20E-03  0.33E-09
184 12  36.96  -85.53  0.38E-02  0.20E-04
184 12  37.01  -85.53  0.15E-04  0.29E-09
184 12  37.06  -85.53  0.14E-04  0.90E-07
184 12  37.11  -85.53  0.13E-05  0.87E-08
184 12  37.16  -85.53  0.16E-06  0.35E-09
184 12  37.21  -85.53  0.21E-05  0.24E-07
184 12  37.26  -85.53  0.64E-05  0.00E+00
184 12  36.01  -85.48  0.58E-06  0.00E+00
184 12  36.11  -85.48  0.27E-02  0.27E-05
184 12  36.16  -85.48  0.97E-02  0.24E-04
184 12  36.21  -85.48  0.35E-02  0.16E-04
184 12  36.26  -85.48  0.59E-02  0.32E-05
184 12  36.31  -85.48  0.59E-02  0.97E-05
184 12  36.36  -85.48  0.37E-02  0.42E-05
184 12  36.41  -85.48  0.26E-02  0.72E-05
184 12  36.46  -85.48  0.71E-02  0.12E-04
184 12  36.51  -85.48  0.50E-02  0.11E-04
184 12  36.56  -85.48  0.62E-02  0.33E-04
184 12  36.61  -85.48  0.70E-02  0.15E-04
184 12  36.66  -85.48  0.56E-02  0.10E-04
184 12  36.71  -85.48  0.51E-02  0.25E-04
184 12  36.76  -85.48  0.22E-02  0.47E-05
184 12  36.81  -85.48  0.31E-02  0.76E-05
184 12  36.86  -85.48  0.25E-02  0.23E-05
184 12  36.91  -85.48  0.10E-02  0.15E-05
184 12  36.96  -85.48  0.75E-03  0.58E-05
184 12  37.01  -85.48  0.37E-04  0.53E-09
184 12  37.06  -85.48  0.10E-04  0.75E-07
184 12  37.11  -85.48  0.17E-05  0.24E-08
184 12  37.16  -85.48  0.18E-06  0.41E-09
184 12  37.21  -85.48  0.13E-05  0.95E-08
184 12  37.26  -85.48  0.64E-05  0.43E-07
184 12  36.01  -85.43  0.24E-04  0.00E+00
184 12  36.06  -85.43  0.40E-04  0.00E+00
184 12  36.11  -85.43  0.64E-05  0.00E+00
184 12  36.16  -85.43  0.17E-02  0.27E-05
184 12  36.21  -85.43  0.36E-02  0.12E-04
184 12  36.26  -85.43  0.12E-01  0.27E-07
184 12  36.31  -85.43  0.14E-01  0.15E-04
184 12  36.36  -85.43  0.37E-02  0.67E-05
184 12  36.41  -85.43  0.27E-02  0.22E-05
184 12  36.46  -85.43  0.51E-02  0.17E-04
184 12  36.51  -85.43  0.49E-02  0.20E-04
184 12  36.56  -85.43  0.23E-02  0.38E-05
184 12  36.61  -85.43  0.36E-02  0.19E-05
184 12  36.66  -85.43  0.38E-02  0.23E-05
184 12  36.71  -85.43  0.30E-02  0.10E-04
184 12  36.76  -85.43  0.29E-02  0.87E-06
184 12  36.81  -85.43  0.20E-02  0.64E-05
184 12  36.86  -85.43  0.20E-02  0.50E-05
184 12  36.91  -85.43  0.11E-02  0.42E-05
184 12  36.96  -85.43  0.72E-03  0.12E-05
184 12  37.01  -85.43  0.40E-03  0.91E-06
184 12  37.06  -85.43  0.11E-03  0.47E-06
184 12  37.11  -85.43  0.25E-06  0.96E-10
184 12  37.16  -85.43  0.13E-06  0.76E-09
184 12  37.21  -85.43  0.27E-06  0.51E-08
184 12  37.26  -85.43  0.23E-05  0.79E-11
184 12  37.31  -85.43  0.19E-07  0.00E+00
184 12  36.01  -85.38  0.73E-05  0.00E+00
184 12  36.06  -85.38  0.11E-02  0.00E+00
184 12  36.11  -85.38  0.32E-04  0.00E+00
184 12  36.16  -85.38  0.28E-03  0.00E+00
184 12  36.21  -85.38  0.14E-02  0.36E-05
184 12  36.26  -85.38  0.18E-02  0.98E-05
184 12  36.31  -85.38  0.65E-02  0.25E-04
184 12  36.36  -85.38  0.69E-02  0.57E-05
184 12  36.41  -85.38  0.48E-02  0.32E-04
184 12  36.46  -85.38  0.21E-02  0.94E-05
184 12  36.51  -85.38  0.32E-02  0.49E-05
184 12  36.56  -85.38  0.33E-02  0.81E-06
184 12  36.61  -85.38  0.34E-02  0.59E-05
184 12  36.66  -85.38  0.27E-02  0.46E-05
184 12  36.71  -85.38  0.44E-02  0.14E-04
184 12  36.76  -85.38  0.45E-02  0.17E-04
184 12  36.81  -85.38  0.25E-02  0.70E-05
184 12  36.86  -85.38  0.13E-02  0.24E-05
184 12  36.91  -85.38  0.80E-03  0.20E-05
184 12  36.96  -85.38  0.22E-03  0.31E-06
184 12  37.01  -85.38  0.57E-04  0.42E-06
184 12  37.06  -85.38  0.12E-03  0.27E-06
184 12  37.11  -85.38  0.18E-04  0.42E-10
184 12  37.16  -85.38  0.73E-04  0.47E-09
184 12  37.21  -85.38  0.31E-06  0.20E-08
184 12  37.26  -85.38  0.94E-06  0.29E-10
184 12  37.31  -85.38  0.36E-06  0.00E+00
184 12  36.01  -85.33  0.21E-04  0.00E+00
184 12  36.06  -85.33  0.31E-03  0.00E+00
184 12  36.11  -85.33  0.40E-02  0.26E-04
184 12  36.16  -85.33  0.20E-02  0.86E-05
184 12  36.21  -85.33  0.37E-02  0.16E-04
184 12  36.26  -85.33  0.34E-02  0.13E-04
184 12  36.31  -85.33  0.38E-02  0.13E-04
184 12  36.36  -85.33  0.43E-02  0.21E-04
184 12  36.41  -85.33  0.57E-02  0.83E-05
184 12  36.46  -85.33  0.39E-02  0.98E-05
184 12  36.51  -85.33  0.18E-02  0.12E-04
184 12  36.56  -85.33  0.20E-02  0.58E-05
184 12  36.61  -85.33  0.44E-02  0.88E-05
184 12  36.66  -85.33  0.22E-02  0.41E-05
184 12  36.71  -85.33  0.16E-02  0.34E-05
184 12  36.76  -85.33  0.29E-02  0.95E-05
184 12  36.81  -85.33  0.15E-02  0.32E-05
184 12  36.86  -85.33  0.36E-02  0.12E-04
184 12  36.91  -85.33  0.12E-02  0.12E-05
184 12  36.96  -85.33  0.10E-02  0.35E-05
184 12  37.01  -85.33  0.24E-03  0.53E-06
184 12  37.06  -85.33  0.21E-04  0.69E-07
184 12  37.11  -85.33  0.34E-05  0.15E-07
184 12  37.16  -85.33  0.46E-05  0.44E-08
184 12  37.21  -85.33  0.68E-07  0.12E-10
184 12  37.26  -85.33  0.61E-06  0.49E-08
184 12  37.31  -85.33  0.18E-07  0.16E-12
184 12  37.36  -85.33  0.16E-07  0.00E+00
184 12  36.01  -85.28  0.50E-04  0.00E+00
184 12  36.06  -85.28  0.15E-04  0.00E+00
184 12  36.11  -85.28  0.53E-03  0.00E+00
184 12  36.16  -85.28  0.91E-03  0.32E-05
184 12  36.21  -85.28  0.27E-02  0.44E-05
184 12  36.26  -85.28  0.55E-02  0.15E-04
184 12  36.31  -85.28  0.67E-02  0.10E-06
184 12  36.36  -85.28  0.26E-02  0.12E-04
184 12  36.41  -85.28  0.47E-02  0.15E-04
184 12  36.46  -85.28  0.66E-02  0.10E-04
184 12  36.51  -85.28  0.11E-02  0.50E-05
184 12  36.56  -85.28  0.32E-02  0.15E-04
184 12  36.61  -85.28  0.24E-02  0.77E-05
184 12  36.66  -85.28  0.55E-02  0.24E-04
184 12  36.71  -85.28  0.21E-02  0.11E-04
184 12  36.76  -85.28  0.17E-02  0.48E-05
184 12  36.81  -85.28  0.14E-02  0.55E-05
184 12  36.86  -85.28  0.71E-03  0.42E-05
184 12  36.91  -85.28  0.58E-03  0.20E-05
184 12  36.96  -85.28  0.22E-03  0.31E-06
184 12  37.01  -85.28  0.17E-08  0.73E-11
184 12  37.06  -85.28  0.81E-05  0.15E-06
184 12  37.11  -85.28  0.25E-06  0.61E-10
184 12  37.16  -85.28  0.11E-04  0.92E-09
184 12  37.21  -85.28  0.30E-06  0.15E-09
184 12  37.26  -85.28  0.37E-07  0.35E-09
184 12  37.31  -85.28  0.21E-06  0.39E-11
184 12  37.36  -85.28  0.15E-07  0.00E+00
184 12  36.01  -85.23  0.54E-04  0.00E+00
184 12  36.06  -85.23  0.71E-05  0.00E+00
184 12  36.11  -85.23  0.14E-01  0.92E-04
184 12  36.16  -85.23  0.30E-02  0.14E-04
184 12  36.21  -85.23  0.45E-03  0.15E-06
184 12  36.26  -85.23  0.86E-02  0.11E-04
184 12  36.31  -85.23  0.37E-02  0.24E-04
184 12  36.36  -85.23  0.49E-02  0.56E-05
184 12  36.41  -85.23  0.40E-02  0.18E-04
184 12  36.46  -85.23  0.34E-02  0.11E-04
184 12  36.51  -85.23  0.36E-02  0.75E-05
184 12  36.56  -85.23  0.24E-02  0.11E-04
184 12  36.61  -85.23  0.25E-02  0.30E-05
184 12  36.66  -85.23  0.24E-02  0.55E-05
184 12  36.71  -85.23  0.15E-02  0.34E-05
184 12  36.76  -85.23  0.12E-02  0.32E-05
184 12  36.81  -85.23  0.16E-02  0.67E-05
184 12  36.86  -85.23  0.13E-02  0.11E-05
184 12  36.91  -85.23  0.43E-03  0.17E-06
184 12  36.96  -85.23  0.43E-03  0.20E-05
184 12  37.01  -85.23  0.96E-07  0.12E-09
184 12  37.06  -85.23  0.15E-05  0.24E-11
184 12  37.11  -85.23  0.75E-06  0.28E-11
184 12  37.16  -85.23  0.13E-05  0.26E-08
184 12  37.21  -85.23  0.11E-04  0.28E-09
184 12  37.26  -85.23  0.21E-07  0.60E-11
184 12  37.31  -85.23  0.97E-07  0.47E-12
184 12  37.36  -85.23  0.30E-07  0.00E+00
184 12  37.41  -85.23  0.15E-11  0.00E+00
184 12  36.01  -85.18  0.61E-04  0.00E+00
184 12  36.06  -85.18  0.30E-02  0.22E-04
184 12  36.11  -85.18  0.10E-02  0.00E+00
184 12  36.16  -85.18  0.25E-02  0.41E-08
184 12  36.21  -85.18  0.99E-03  0.00E+00
184 12  36.26  -85.18  0.32E-02  0.00E+00
184 12  36.31  -85.18  0.42E-02  0.19E-05
184 12  36.36  -85.18  0.59E-02  0.25E-05
184 12  36.41  -85.18  0.26E-02  0.13E-05
184 12  36.46  -85.18  0.34E-02  0.91E-05
184 12  36.51  -85.18  0.14E-02  0.38E-05
184 12  36.56  -85.18  0.26E-02  0.81E-05
184 12  36.61  -85.18  0.20E-02  0.27E-05
184 12  36.66  -85.18  0.11E-02  0.12E-05
184 12  36.71  -85.18  0.16E-02  0.18E-05
184 12  36.76  -85.18  0.12E-02  0.23E-05
184 12  36.81  -85.18  0.96E-03  0.36E-05
184 12  36.86  -85.18  0.26E-02  0.39E-05
184 12  36.91  -85.18  0.39E-03  0.64E-06
184 12  36.96  -85.18  0.33E-03  0.41E-06
184 12  37.01  -85.18  0.46E-04  0.11E-06
184 12  37.06  -85.18  0.24E-05  0.17E-08
184 12  37.11  -85.18  0.78E-06  0.12E-08
184 12  37.16  -85.18  0.78E-06  0.61E-09
184 12  37.21  -85.18  0.18E-04  0.84E-10
184 12  37.26  -85.18  0.35E-06  0.12E-10
184 12  37.31  -85.18  0.43E-07  0.48E-11
184 12  37.36  -85.18  0.37E-06  0.17E-12
184 12  37.41  -85.18  0.37E-08  0.19E-13
184 12  37.46  -85.18  0.50E-14  0.00E+00
184 12  35.96  -85.13  0.30E-04  0.00E+00
184 12  36.01  -85.13  0.24E-04  0.00E+00
184 12  36.06  -85.13  0.18E-04  0.00E+00
184 12  36.21  -85.13  0.58E-05  0.00E+00
184 12  36.26  -85.13  0.92E-03  0.54E-05
184 12  36.31  -85.13  0.25E-02  0.71E-07
184 12  36.36  -85.13  0.72E-02  0.22E-04
184 12  36.41  -85.13  0.18E-02  0.29E-05
184 12  36.46  -85.13  0.28E-02  0.57E-05
184 12  36.51  -85.13  0.35E-02  0.98E-05
184 12  36.56  -85.13  0.17E-02  0.22E-05
184 12  36.61  -85.13  0.19E-02  0.62E-05
184 12  36.66  -85.13  0.83E-03  0.35E-06
184 12  36.71  -85.13  0.15E-02  0.87E-05
184 12  36.76  -85.13  0.17E-02  0.28E-05
184 12  36.81  -85.13  0.12E-03  0.39E-06
184 12  36.86  -85.13  0.24E-02  0.16E-05
184 12  36.91  -85.13  0.93E-03  0.75E-06
184 12  36.96  -85.13  0.13E-03  0.19E-06
184 12  37.01  -85.13  0.93E-04  0.26E-06
184 12  37.06  -85.13  0.17E-04  0.90E-09
184 12  37.11  -85.13  0.56E-05  0.61E-10
184 12  37.16  -85.13  0.21E-05  0.33E-09
184 12  37.21  -85.13  0.16E-04  0.30E-11
184 12  37.26  -85.13  0.68E-06  0.40E-09
184 12  37.31  -85.13  0.14E-07  0.16E-10
184 12  37.36  -85.13  0.22E-07  0.13E-09
184 12  37.41  -85.13  0.18E-06  0.83E-09
184 12  37.46  -85.13  0.35E-12  0.14E-16
184 12  37.51  -85.13  0.21E-14  0.00E+00
184 12  36.06  -85.08  0.14E-04  0.00E+00
184 12  36.16  -85.08  0.85E-02  0.37E-04
184 12  36.21  -85.08  0.23E-02  0.00E+00
184 12  36.26  -85.08  0.34E-03  0.47E-05
184 12  36.31  -85.08  0.42E-02  0.15E-04
184 12  36.36  -85.08  0.13E-02  0.67E-06
184 12  36.41  -85.08  0.14E-02  0.53E-06
184 12  36.46  -85.08  0.26E-02  0.16E-04
184 12  36.51  -85.08  0.15E-02  0.53E-05
184 12  36.56  -85.08  0.34E-02  0.94E-05
184 12  36.61  -85.08  0.24E-02  0.38E-05
184 12  36.66  -85.08  0.20E-02  0.75E-05
184 12  36.71  -85.08  0.79E-03  0.20E-05
184 12  36.76  -85.08  0.12E-02  0.54E-05
184 12  36.81  -85.08  0.14E-02  0.50E-05
184 12  36.86  -85.08  0.47E-03  0.22E-06
184 12  36.91  -85.08  0.23E-02  0.28E-05
184 12  36.96  -85.08  0.16E-03  0.23E-06
184 12  37.01  -85.08  0.31E-04  0.14E-06
184 12  37.06  -85.08  0.81E-05  0.15E-09
184 12  37.11  -85.08  0.36E-07  0.85E-10
184 12  37.16  -85.08  0.11E-05  0.36E-09
184 12  37.21  -85.08  0.20E-04  0.36E-11
184 12  37.26  -85.08  0.28E-06  0.86E-12
184 12  37.31  -85.08  0.10E-07  0.15E-11
184 12  37.36  -85.08  0.97E-08  0.80E-10
184 12  37.41  -85.08  0.63E-07  0.63E-10
184 12  37.46  -85.08  0.13E-08  0.87E-15
184 12  37.51  -85.08  0.14E-13  0.00E+00
184 12  37.56  -85.08  0.13E-16  0.00E+00
184 12  36.01  -85.03  0.31E-02  0.26E-04
184 12  36.06  -85.03  0.21E-02  0.00E+00
184 12  36.11  -85.03  0.12E-02  0.00E+00
184 12  36.16  -85.03  0.12E-02  0.00E+00
184 12  36.21  -85.03  0.82E-02  0.84E-05
184 12  36.26  -85.03  0.18E-02  0.48E-05
184 12  36.31  -85.03  0.23E-03  0.00E+00
184 12  36.36  -85.03  0.12E-02  0.24E-05
184 12  36.41  -85.03  0.34E-02  0.15E-04
184 12  36.46  -85.03  0.72E-02  0.19E-04
184 12  36.51  -85.03  0.88E-03  0.19E-05
184 12  36.56  -85.03  0.36E-02  0.14E-04
184 12  36.61  -85.03  0.18E-02  0.44E-05
184 12  36.66  -85.03  0.35E-02  0.12E-04
184 12  36.71  -85.03  0.71E-03  0.70E-06
184 12  36.76  -85.03  0.75E-03  0.26E-05
184 12  36.81  -85.03  0.27E-03  0.74E-06
184 12  36.86  -85.03  0.84E-03  0.47E-05
184 12  36.91  -85.03  0.15E-03  0.14E-06
184 12  36.96  -85.03  0.35E-03  0.37E-06
184 12  37.01  -85.03  0.46E-04  0.88E-08
184 12  37.06  -85.03  0.13E-05  0.34E-08
184 12  37.11  -85.03  0.84E-06  0.32E-11
184 12  37.16  -85.03  0.55E-07  0.26E-09
184 12  37.21  -85.03  0.39E-04  0.35E-09
184 12  37.26  -85.03  0.26E-04  0.23E-06
184 12  37.31  -85.03  0.24E-05  0.21E-09
184 12  37.36  -85.03  0.42E-07  0.28E-09
184 12  37.41  -85.03  0.33E-07  0.24E-10
184 12  37.46  -85.03  0.28E-07  0.42E-09
184 12  37.51  -85.03  0.26E-11  0.53E-15
184 12  37.56  -85.03  0.71E-14  0.62E-17
184 12  36.01  -84.98  0.15E-02  0.00E+00
184 12  36.06  -84.98  0.77E-03  0.00E+00
184 12  36.16  -84.98  0.28E-02  0.00E+00
184 12  36.21  -84.98  0.28E-03  0.20E-05
184 12  36.26  -84.98  0.10E-02  0.21E-06
184 12  36.31  -84.98  0.10E-04  0.00E+00
184 12  36.36  -84.98  0.78E-03  0.51E-07
184 12  36.41  -84.98  0.10E-02  0.38E-05
184 12  36.46  -84.98  0.24E-02  0.13E-05
184 12  36.51  -84.98  0.89E-03  0.66E-05
184 12  36.56  -84.98  0.82E-03  0.62E-07
184 12  36.61  -84.98  0.15E-02  0.50E-05
184 12  36.66  -84.98  0.12E-02  0.21E-05
184 12  36.71  -84.98  0.42E-03  0.20E-05
184 12  36.76  -84.98  0.62E-03  0.77E-06
184 12  36.81  -84.98  0.56E-04  0.23E-06
184 12  36.86  -84.98  0.65E-04  0.23E-06
184 12  36.91  -84.98  0.10E-03  0.22E-06
184 12  36.96  -84.98  0.54E-03  0.32E-05
184 12  37.01  -84.98  0.28E-04  0.19E-08
184 12  37.06  -84.98  0.61E-05  0.11E-08
184 12  37.11  -84.98  0.12E-05  0.91E-11
184 12  37.16  -84.98  0.18E-07  0.67E-10
184 12  37.21  -84.98  0.74E-08  0.10E-10
184 12  37.26  -84.98  0.10E-06  0.30E-11
184 12  37.31  -84.98  0.43E-05  0.15E-10
184 12  37.36  -84.98  0.16E-05  0.22E-09
184 12  37.41  -84.98  0.29E-08  0.89E-12
184 12  37.46  -84.98  0.29E-07  0.84E-11
184 12  37.51  -84.98  0.12E-09  0.93E-13
184 12  37.56  -84.98  0.74E-11  0.25E-17
184 12  37.61  -84.98  0.15E-15  0.00E+00
184 12  36.06  -84.93  0.90E-03  0.00E+00
184 12  36.11  -84.93  0.55E-03  0.00E+00
184 12  36.16  -84.93  0.38E-02  0.00E+00
184 12  36.21  -84.93  0.28E-02  0.23E-04
184 12  36.26  -84.93  0.59E-02  0.22E-08
184 12  36.31  -84.93  0.27E-02  0.30E-07
184 12  36.36  -84.93  0.13E-03  0.23E-07
184 12  36.41  -84.93  0.41E-03  0.00E+00
184 12  36.46  -84.93  0.65E-03  0.38E-06
184 12  36.51  -84.93  0.12E-02  0.78E-06
184 12  36.56  -84.93  0.17E-02  0.31E-05
184 12  36.61  -84.93  0.16E-02  0.44E-05
184 12  36.66  -84.93  0.14E-02  0.41E-05
184 12  36.71  -84.93  0.11E-02  0.17E-06
184 12  36.76  -84.93  0.93E-03  0.70E-06
184 12  36.81  -84.93  0.39E-03  0.17E-05
184 12  36.86  -84.93  0.13E-03  0.39E-07
184 12  36.91  -84.93  0.19E-04  0.51E-07
184 12  36.96  -84.93  0.17E-04  0.24E-08
184 12  37.01  -84.93  0.13E-04  0.45E-07
184 12  37.06  -84.93  0.36E-05  0.50E-08
184 12  37.11  -84.93  0.11E-05  0.99E-10
184 12  37.16  -84.93  0.81E-08  0.43E-10
184 12  37.21  -84.93  0.15E-07  0.32E-10
184 12  37.26  -84.93  0.15E-07  0.15E-10
184 12  37.31  -84.93  0.11E-06  0.30E-11
184 12  37.36  -84.93  0.24E-04  0.25E-07
184 12  37.41  -84.93  0.57E-08  0.67E-11
184 12  37.46  -84.93  0.16E-07  0.39E-11
184 12  37.51  -84.93  0.42E-08  0.63E-11
184 12  37.56  -84.93  0.56E-10  0.00E+00
184 12  37.61  -84.93  0.55E-13  0.51E-16
184 12  36.06  -84.88  0.29E-02  0.00E+00
184 12  36.11  -84.88  0.46E-03  0.00E+00
184 12  36.21  -84.88  0.14E-02  0.69E-05
184 12  36.26  -84.88  0.67E-03  0.17E-05
184 12  36.31  -84.88  0.21E-02  0.13E-04
184 12  36.36  -84.88  0.20E-03  0.00E+00
184 12  36.41  -84.88  0.31E-03  0.00E+00
184 12  36.46  -84.88  0.18E-02  0.00E+00
184 12  36.51  -84.88  0.84E-03  0.13E-05
184 12  36.56  -84.88  0.21E-02  0.10E-04
184 12  36.61  -84.88  0.68E-03  0.11E-06
184 12  36.66  -84.88  0.86E-03  0.17E-05
184 12  36.71  -84.88  0.87E-03  0.29E-05
184 12  36.76  -84.88  0.23E-03  0.11E-05
184 12  36.81  -84.88  0.30E-03  0.13E-07
184 12  36.86  -84.88  0.38E-03  0.16E-05
184 12  36.91  -84.88  0.60E-04  0.54E-07
184 12  36.96  -84.88  0.90E-04  0.18E-07
184 12  37.01  -84.88  0.52E-04  0.22E-06
184 12  37.06  -84.88  0.98E-06  0.82E-09
184 12  37.11  -84.88  0.14E-05  0.78E-11
184 12  37.16  -84.88  0.39E-07  0.50E-10
184 12  37.21  -84.88  0.18E-08  0.12E-11
184 12  37.26  -84.88  0.15E-07  0.48E-11
184 12  37.31  -84.88  0.11E-06  0.88E-12
184 12  37.36  -84.88  0.59E-07  0.20E-09
184 12  37.41  -84.88  0.50E-06  0.76E-13
184 12  37.46  -84.88  0.30E-07  0.60E-10
184 12  37.51  -84.88  0.30E-07  0.11E-09
184 12  37.56  -84.88  0.12E-09  0.14E-13
184 12  37.61  -84.88  0.11E-11  0.00E+00
184 12  37.66  -84.88  0.17E-13  0.32E-15
184 12  36.11  -84.83  0.55E-03  0.40E-05
184 12  36.21  -84.83  0.16E-03  0.00E+00
184 12  36.26  -84.83  0.55E-02  0.00E+00
184 12  36.31  -84.83  0.93E-04  0.00E+00
184 12  36.36  -84.83  0.22E-03  0.25E-07
184 12  36.41  -84.83  0.29E-03  0.00E+00
184 12  36.46  -84.83  0.30E-03  0.00E+00
184 12  36.51  -84.83  0.24E-02  0.15E-06
184 12  36.56  -84.83  0.26E-03  0.43E-06
184 12  36.61  -84.83  0.15E-02  0.88E-05
184 12  36.66  -84.83  0.23E-02  0.89E-06
184 12  36.71  -84.83  0.45E-03  0.18E-05
184 12  36.76  -84.83  0.19E-03  0.71E-06
184 12  36.81  -84.83  0.37E-03  0.12E-06
184 12  36.86  -84.83  0.21E-03  0.50E-06
184 12  36.91  -84.83  0.12E-03  0.55E-06
184 12  36.96  -84.83  0.77E-05  0.21E-08
184 12  37.01  -84.83  0.77E-04  0.54E-06
184 12  37.06  -84.83  0.54E-04  0.47E-08
184 12  37.11  -84.83  0.17E-05  0.39E-09
184 12  37.16  -84.83  0.21E-07  0.11E-10
184 12  37.21  -84.83  0.25E-08  0.11E-12
184 12  37.26  -84.83  0.93E-08  0.11E-11
184 12  37.31  -84.83  0.72E-08  0.66E-12
184 12  37.36  -84.83  0.27E-06  0.12E-12
184 12  37.41  -84.83  0.24E-06  0.38E-12
184 12  37.46  -84.83  0.35E-07  0.82E-10
184 12  37.51  -84.83  0.33E-08  0.50E-13
184 12  37.56  -84.83  0.38E-12  0.30E-16
184 12  37.61  -84.83  0.11E-09  0.29E-17
184 12  37.66  -84.83  0.19E-10  0.33E-15
184 12  35.91  -84.78  0.91E-06  0.00E+00
184 12  36.01  -84.78  0.12E-02  0.88E-05
184 12  36.11  -84.78  0.33E-03  0.00E+00
184 12  36.16  -84.78  0.88E-04  0.00E+00
184 12  36.21  -84.78  0.20E-03  0.31E-05
184 12  36.31  -84.78  0.51E-03  0.00E+00
184 12  36.36  -84.78  0.22E-02  0.20E-04
184 12  36.41  -84.78  0.38E-04  0.00E+00
184 12  36.46  -84.78  0.12E-02  0.58E-05
184 12  36.51  -84.78  0.46E-05  0.00E+00
184 12  36.56  -84.78  0.89E-04  0.65E-07
184 12  36.61  -84.78  0.66E-03  0.26E-05
184 12  36.66  -84.78  0.15E-02  0.73E-05
184 12  36.71  -84.78  0.77E-03  0.20E-06
184 12  36.76  -84.78  0.24E-03  0.63E-06
184 12  36.81  -84.78  0.79E-04  0.48E-06
184 12  36.86  -84.78  0.23E-03  0.65E-07
184 12  36.91  -84.78  0.11E-03  0.41E-07
184 12  36.96  -84.78  0.19E-04  0.96E-09
184 12  37.01  -84.78  0.30E-04  0.21E-06
184 12  37.06  -84.78  0.39E-04  0.13E-06
184 12  37.11  -84.78  0.18E-04  0.12E-06
184 12  37.16  -84.78  0.11E-06  0.44E-09
184 12  37.21  -84.78  0.39E-07  0.21E-09
184 12  37.26  -84.78  0.56E-08  0.82E-11
184 12  37.31  -84.78  0.70E-08  0.14E-10
184 12  37.36  -84.78  0.31E-06  0.42E-12
184 12  37.41  -84.78  0.15E-06  0.90E-10
184 12  37.46  -84.78  0.23E-06  0.27E-11
184 12  37.51  -84.78  0.25E-07  0.87E-12
184 12  37.56  -84.78  0.45E-10  0.73E-13
184 12  37.61  -84.78  0.37E-10  0.00E+00
184 12  37.66  -84.78  0.85E-10  0.84E-13
