DAY HR    LAT     LON C13700000 C13700001
184 10  36.00  -86.80  0.88E+01  0.44E-01
184 10  36.05  -86.80  0.13E+01  0.65E-02
184 10  36.10  -86.80  0.88E-01  0.54E-03
184 10  36.15  -86.80  0.13E-02  0.39E-05
184 10  36.00  -86.75  0.25E+01  0.14E-01
184 10  36.05  -86.75  0.27E+01  0.16E-01
184 10  36.10  -86.75  0.42E+00  0.24E-02
184 10  36.15  -86.75  0.11E+00  0.67E-03
184 10  36.20  -86.75  0.18E-01  0.94E-04
184 10  36.25  -86.75  0.11E-02  0.45E-05
184 10  36.30  -86.75  0.40E-04  0.00E+00
184 10  35.95  -86.70  0.60E-01  0.19E-03
184 10  36.00  -86.70  0.48E+00  0.29E-02
184 10  36.05  -86.70  0.12E+01  0.67E-02
184 10  36.10  -86.70  0.36E+00  0.20E-02
184 10  36.15  -86.70  0.11E+00  0.75E-03
184 10  36.20  -86.70  0.48E-01  0.23E-03
184 10  36.25  -86.70  0.21E-01  0.14E-03
184 10  36.30  -86.70  0.31E-02  0.14E-04
184 10  36.35  -86.70  0.85E-04  0.94E-06
184 10  35.95  -86.65  0.12E+00  0.53E-03
184 10  36.00  -86.65  0.24E+00  0.11E-02
184 10  36.05  -86.65  0.26E+00  0.13E-02
184 10  36.10  -86.65  0.52E+00  0.26E-02
184 10  36.15  -86.65  0.11E+00  0.68E-03
184 10  36.20  -86.65  0.26E-01  0.17E-03
184 10  36.25  -86.65  0.15E-01  0.14E-03
184 10  36.30  -86.65  0.10E-01  0.73E-04
184 10  36.35  -86.65  0.28E-02  0.17E-04
184 10  36.40  -86.65  0.25E-03  0.23E-05
184 10  35.90  -86.60  0.14E-01  0.34E-04
184 10  35.95  -86.60  0.14E+00  0.65E-03
184 10  36.00  -86.60  0.14E+00  0.71E-03
184 10  36.05  -86.60  0.11E+00  0.60E-03
184 10  36.10  -86.60  0.27E+00  0.12E-02
184 10  36.15  -86.60  0.20E+00  0.75E-03
184 10  36.20  -86.60  0.30E-01  0.23E-03
184 10  36.25  -86.60  0.17E-01  0.10E-03
184 10  36.30  -86.60  0.17E-01  0.18E-03
184 10  36.35  -86.60  0.24E-02  0.15E-04
184 10  36.40  -86.60  0.83E-03  0.59E-05
184 10  36.45  -86.60  0.27E-03  0.15E-05
184 10  35.85  -86.55  0.16E-02  0.75E-05
184 10  35.90  -86.55  0.32E-01  0.63E-04
184 10  35.95  -86.55  0.76E-01  0.32E-03
184 10  36.00  -86.55  0.78E-01  0.31E-03
184 10  36.05  -86.55  0.70E-01  0.43E-03
184 10  36.10  -86.55  0.12E+00  0.68E-03
184 10  36.15  -86.55  0.20E+00  0.93E-03
184 10  36.20  -86.55  0.97E-01  0.47E-03
184 10  36.25  -86.55  0.13E-01  0.12E-03
184 10  36.30  -86.55  0.92E-02  0.76E-04
184 10  36.35  -86.55  0.90E-02  0.11E-03
184 10  36.40  -86.55  0.76E-03  0.36E-05
184 10  36.45  -86.55  0.45E-03  0.25E-05
184 10  36.50  -86.55  0.33E-04  0.13E-07
184 10  35.85  -86.50  0.17E-03  0.00E+00
184 10  35.90  -86.50  0.25E-01  0.14E-03
184 10  35.95  -86.50  0.73E-01  0.42E-03
184 10  36.00  -86.50  0.49E-01  0.22E-03
184 10  36.05  -86.50  0.39E-01  0.17E-03
184 10  36.10  -86.50  0.48E-01  0.20E-03
184 10  36.15  -86.50  0.91E-01  0.40E-03
184 10  36.20  -86.50  0.13E+00  0.71E-03
184 10  36.25  -86.50  0.33E-01  0.16E-03
184 10  36.30  -86.50  0.68E-02  0.52E-04
184 10  36.35  -86.50  0.20E-02  0.15E-04
184 10  36.40  -86.50  0.27E-02  0.71E-05
184 10  36.45  -86.50  0.12E-03  0.41E-06
184 10  36.50  -86.50  0.10E-03  0.90E-06
184 10  36.55  -86.50  0.21E-06  0.20E-08
184 10  35.85  -86.45  0.17E-01  0.15E-03
184 10  35.90  -86.45  0.56E-01  0.23E-03
184 10  35.95  -86.45  0.64E-01  0.35E-03
184 10  36.00  -86.45  0.53E-01  0.40E-03
184 10  36.05  -86.45  0.32E-01  0.11E-03
184 10  36.10  -86.45  0.22E-01  0.11E-03
184 10  36.15  -86.45  0.34E-01  0.15E-03
184 10  36.20  -86.45  0.70E-01  0.37E-03
184 10  36.25  -86.45  0.64E-01  0.33E-03
184 10  36.30  -86.45  0.18E-01  0.11E-03
184 10  36.35  -86.45  0.17E-02  0.11E-04
184 10  36.40  -86.45  0.86E-03  0.76E-05
184 10  36.45  -86.45  0.34E-03  0.19E-05
184 10  36.50  -86.45  0.99E-05  0.58E-07
184 10  36.55  -86.45  0.69E-05  0.16E-08
184 10  35.85  -86.40  0.88E-02  0.46E-04
184 10  35.90  -86.40  0.46E-01  0.24E-03
184 10  35.95  -86.40  0.72E-01  0.36E-03
184 10  36.00  -86.40  0.33E-01  0.22E-03
184 10  36.05  -86.40  0.21E-01  0.92E-04
184 10  36.10  -86.40  0.28E-01  0.24E-03
184 10  36.15  -86.40  0.27E-01  0.89E-04
184 10  36.20  -86.40  0.44E-01  0.22E-03
184 10  36.25  -86.40  0.47E-01  0.15E-03
184 10  36.30  -86.40  0.21E-01  0.11E-03
184 10  36.35  -86.40  0.40E-02  0.45E-05
184 10  36.40  -86.40  0.15E-02  0.16E-04
184 10  36.45  -86.40  0.63E-03  0.20E-05
184 10  36.50  -86.40  0.14E-03  0.13E-06
184 10  36.55  -86.40  0.25E-04  0.17E-06
184 10  36.60  -86.40  0.11E-06  0.26E-12
184 10  35.85  -86.35  0.50E-02  0.00E+00
184 10  35.90  -86.35  0.21E-01  0.10E-03
184 10  35.95  -86.35  0.46E-01  0.27E-03
184 10  36.00  -86.35  0.23E-01  0.60E-04
184 10  36.05  -86.35  0.13E-01  0.41E-04
184 10  36.10  -86.35  0.17E-01  0.92E-04
184 10  36.15  -86.35  0.18E-01  0.14E-03
184 10  36.20  -86.35  0.25E-01  0.86E-04
184 10  36.25  -86.35  0.40E-01  0.20E-03
184 10  36.30  -86.35  0.28E-01  0.11E-03
184 10  36.35  -86.35  0.75E-02  0.11E-04
184 10  36.40  -86.35  0.35E-03  0.28E-05
184 10  36.45  -86.35  0.59E-03  0.19E-06
184 10  36.50  -86.35  0.23E-03  0.20E-05
184 10  36.55  -86.35  0.37E-04  0.28E-06
184 10  36.60  -86.35  0.96E-05  0.14E-06
184 10  36.65  -86.35  0.62E-08  0.39E-13
184 10  35.85  -86.30  0.14E-01  0.10E-03
184 10  35.90  -86.30  0.32E-01  0.22E-03
184 10  35.95  -86.30  0.39E-01  0.89E-04
184 10  36.00  -86.30  0.28E-01  0.16E-03
184 10  36.05  -86.30  0.17E-01  0.93E-04
184 10  36.10  -86.30  0.84E-02  0.55E-04
184 10  36.15  -86.30  0.21E-01  0.44E-04
184 10  36.20  -86.30  0.91E-02  0.39E-04
184 10  36.25  -86.30  0.18E-01  0.62E-04
184 10  36.30  -86.30  0.20E-01  0.62E-04
184 10  36.35  -86.30  0.18E-01  0.95E-04
184 10  36.40  -86.30  0.16E-02  0.76E-06
184 10  36.45  -86.30  0.42E-04  0.18E-06
184 10  36.50  -86.30  0.33E-04  0.43E-06
184 10  36.55  -86.30  0.15E-04  0.71E-07
184 10  36.60  -86.30  0.66E-05  0.35E-07
184 10  36.65  -86.30  0.28E-05  0.64E-08
184 10  35.85  -86.25  0.16E-02  0.00E+00
184 10  35.90  -86.25  0.26E-01  0.96E-04
184 10  35.95  -86.25  0.23E-01  0.57E-04
184 10  36.00  -86.25  0.25E-01  0.16E-03
184 10  36.05  -86.25  0.17E-01  0.98E-04
184 10  36.10  -86.25  0.11E-01  0.35E-04
184 10  36.15  -86.25  0.72E-02  0.40E-04
184 10  36.20  -86.25  0.11E-01  0.81E-04
184 10  36.25  -86.25  0.88E-02  0.66E-04
184 10  36.30  -86.25  0.11E-01  0.87E-04
184 10  36.35  -86.25  0.22E-01  0.94E-04
184 10  36.40  -86.25  0.52E-02  0.16E-04
184 10  36.45  -86.25  0.97E-03  0.88E-05
184 10  36.50  -86.25  0.30E-04  0.56E-06
184 10  36.55  -86.25  0.46E-04  0.99E-06
184 10  36.60  -86.25  0.63E-04  0.57E-07
184 10  36.65  -86.25  0.16E-05  0.11E-07
184 10  36.70  -86.25  0.76E-09  0.12E-10
184 10  35.85  -86.20  0.93E-03  0.00E+00
184 10  35.90  -86.20  0.19E-01  0.51E-04
184 10  35.95  -86.20  0.30E-01  0.17E-03
184 10  36.00  -86.20  0.13E-01  0.89E-04
184 10  36.05  -86.20  0.18E-01  0.50E-04
184 10  36.10  -86.20  0.90E-02  0.60E-04
184 10  36.15  -86.20  0.67E-02  0.16E-04
184 10  36.20  -86.20  0.98E-02  0.41E-04
184 10  36.25  -86.20  0.79E-02  0.30E-04
184 10  36.30  -86.20  0.91E-02  0.60E-04
184 10  36.35  -86.20  0.11E-01  0.54E-04
184 10  36.40  -86.20  0.13E-01  0.50E-04
184 10  36.45  -86.20  0.68E-03  0.38E-06
184 10  36.50  -86.20  0.59E-04  0.93E-07
184 10  36.55  -86.20  0.12E-03  0.91E-06
184 10  36.60  -86.20  0.57E-04  0.13E-07
184 10  36.65  -86.20  0.33E-07  0.87E-10
184 10  36.70  -86.20  0.83E-06  0.80E-11
184 10  35.85  -86.15  0.14E-02  0.00E+00
184 10  35.90  -86.15  0.60E-02  0.27E-04
184 10  35.95  -86.15  0.13E-01  0.36E-04
184 10  36.00  -86.15  0.13E-01  0.33E-04
184 10  36.05  -86.15  0.18E-01  0.11E-03
184 10  36.10  -86.15  0.10E-01  0.32E-04
184 10  36.15  -86.15  0.87E-02  0.53E-04
184 10  36.20  -86.15  0.28E-02  0.86E-05
184 10  36.25  -86.15  0.35E-02  0.18E-04
184 10  36.30  -86.15  0.51E-02  0.12E-04
184 10  36.35  -86.15  0.72E-02  0.20E-04
184 10  36.40  -86.15  0.57E-02  0.16E-04
184 10  36.45  -86.15  0.69E-03  0.13E-05
184 10  36.50  -86.15  0.37E-03  0.31E-07
184 10  36.55  -86.15  0.25E-04  0.94E-07
184 10  36.60  -86.15  0.14E-04  0.68E-08
184 10  36.65  -86.15  0.71E-07  0.54E-09
184 10  36.70  -86.15  0.33E-07  0.49E-13
184 10  36.75  -86.15  0.41E-07  0.39E-09
184 10  36.80  -86.15  0.61E-13  0.00E+00
184 10  35.85  -86.10  0.19E-02  0.38E-04
184 10  35.90  -86.10  0.85E-02  0.26E-04
184 10  35.95  -86.10  0.17E-01  0.68E-04
184 10  36.00  -86.10  0.16E-01  0.99E-04
184 10  36.05  -86.10  0.43E-02  0.15E-04
184 10  36.10  -86.10  0.14E-01  0.37E-04
184 10  36.15  -86.10  0.91E-02  0.59E-04
184 10  36.20  -86.10  0.50E-02  0.23E-04
184 10  36.25  -86.10  0.66E-02  0.36E-04
184 10  36.30  -86.10  0.73E-02  0.19E-04
184 10  36.35  -86.10  0.49E-02  0.28E-04
184 10  36.40  -86.10  0.43E-02  0.12E-04
184 10  36.45  -86.10  0.38E-03  0.60E-05
184 10  36.50  -86.10  0.72E-03  0.11E-06
184 10  36.55  -86.10  0.17E-04  0.94E-07
184 10  36.60  -86.10  0.19E-04  0.43E-07
184 10  36.65  -86.10  0.62E-07  0.44E-09
184 10  36.70  -86.10  0.19E-06  0.47E-08
184 10  36.75  -86.10  0.79E-08  0.21E-09
184 10  36.80  -86.10  0.28E-13  0.00E+00
184 10  35.85  -86.05  0.19E-02  0.00E+00
184 10  35.90  -86.05  0.10E-01  0.32E-04
184 10  35.95  -86.05  0.60E-02  0.23E-04
184 10  36.00  -86.05  0.11E-01  0.58E-04
184 10  36.05  -86.05  0.71E-02  0.23E-04
184 10  36.10  -86.05  0.82E-02  0.46E-04
184 10  36.15  -86.05  0.94E-02  0.38E-04
184 10  36.20  -86.05  0.66E-02  0.33E-04
184 10  36.25  -86.05  0.37E-02  0.24E-04
184 10  36.30  -86.05  0.28E-02  0.94E-05
184 10  36.35  -86.05  0.36E-02  0.16E-04
184 10  36.40  -86.05  0.37E-02  0.10E-04
184 10  36.45  -86.05  0.14E-02  0.59E-05
184 10  36.50  -86.05  0.18E-02  0.29E-08
184 10  36.55  -86.05  0.22E-05  0.21E-08
184 10  36.60  -86.05  0.59E-05  0.72E-08
184 10  36.65  -86.05  0.35E-06  0.18E-08
184 10  36.70  -86.05  0.14E-07  0.33E-11
184 10  36.75  -86.05  0.45E-08  0.00E+00
184 10  36.80  -86.05  0.43E-10  0.12E-11
184 10  35.85  -86.00  0.27E-02  0.00E+00
184 10  35.90  -86.00  0.65E-02  0.53E-04
184 10  35.95  -86.00  0.88E-02  0.62E-04
184 10  36.00  -86.00  0.73E-02  0.27E-04
184 10  36.05  -86.00  0.12E-01  0.79E-04
184 10  36.10  -86.00  0.86E-02  0.17E-04
184 10  36.15  -86.00  0.10E-01  0.34E-04
184 10  36.20  -86.00  0.89E-02  0.47E-04
184 10  36.25  -86.00  0.16E-02  0.55E-05
184 10  36.30  -86.00  0.20E-02  0.50E-05
184 10  36.35  -86.00  0.26E-02  0.82E-05
184 10  36.40  -86.00  0.14E-02  0.38E-05
184 10  36.45  -86.00  0.79E-03  0.12E-05
184 10  36.50  -86.00  0.27E-03  0.30E-05
184 10  36.55  -86.00  0.82E-05  0.14E-08
184 10  36.60  -86.00  0.10E-06  0.16E-09
184 10  36.65  -86.00  0.18E-06  0.44E-08
184 10  36.70  -86.00  0.34E-06  0.28E-08
184 10  36.75  -86.00  0.31E-08  0.23E-11
184 10  36.80  -86.00  0.60E-08  0.00E+00
184 10  35.90  -85.95  0.30E-02  0.22E-05
184 10  35.95  -85.95  0.51E-02  0.41E-04
184 10  36.00  -85.95  0.15E-01  0.19E-04
184 10  36.05  -85.95  0.75E-02  0.23E-04
184 10  36.10  -85.95  0.93E-02  0.36E-04
184 10  36.15  -85.95  0.72E-02  0.70E-04
184 10  36.20  -85.95  0.49E-02  0.13E-04
184 10  36.25  -85.95  0.23E-02  0.61E-05
184 10  36.30  -85.95  0.31E-02  0.22E-04
184 10  36.35  -85.95  0.29E-02  0.77E-05
184 10  36.40  -85.95  0.21E-02  0.88E-05
184 10  36.45  -85.95  0.52E-03  0.82E-07
184 10  36.50  -85.95  0.19E-04  0.11E-08
184 10  36.55  -85.95  0.84E-05  0.28E-07
184 10  36.60  -85.95  0.12E-05  0.23E-07
184 10  36.65  -85.95  0.45E-07  0.12E-09
184 10  36.70  -85.95  0.30E-06  0.10E-08
184 10  36.75  -85.95  0.42E-08  0.36E-10
184 10  36.80  -85.95  0.14E-08  0.00E+00
184 10  36.85  -85.95  0.22E-11  0.28E-13
184 10  35.80  -85.90  0.24E-07  0.00E+00
184 10  35.85  -85.90  0.47E-06  0.00E+00
184 10  35.90  -85.90  0.85E-02  0.26E-04
184 10  35.95  -85.90  0.84E-02  0.10E-03
184 10  36.00  -85.90  0.19E-02  0.12E-05
184 10  36.05  -85.90  0.66E-02  0.93E-05
184 10  36.10  -85.90  0.11E-01  0.45E-04
184 10  36.15  -85.90  0.11E-01  0.76E-04
184 10  36.20  -85.90  0.55E-02  0.21E-04
184 10  36.25  -85.90  0.39E-02  0.20E-04
184 10  36.30  -85.90  0.23E-02  0.90E-05
184 10  36.35  -85.90  0.11E-02  0.37E-05
184 10  36.40  -85.90  0.38E-02  0.16E-04
184 10  36.45  -85.90  0.10E-02  0.12E-05
184 10  36.50  -85.90  0.29E-03  0.98E-06
184 10  36.55  -85.90  0.10E-04  0.22E-06
184 10  36.60  -85.90  0.90E-05  0.18E-07
184 10  36.65  -85.90  0.28E-07  0.13E-10
184 10  36.70  -85.90  0.60E-07  0.37E-09
184 10  36.75  -85.90  0.14E-06  0.36E-09
184 10  36.80  -85.90  0.48E-09  0.62E-11
184 10  36.85  -85.90  0.62E-10  0.59E-12
184 10  35.80  -85.85  0.11E-06  0.00E+00
184 10  35.85  -85.85  0.12E-04  0.00E+00
184 10  35.90  -85.85  0.31E-02  0.19E-04
184 10  35.95  -85.85  0.17E-02  0.00E+00
184 10  36.00  -85.85  0.87E-02  0.63E-04
184 10  36.05  -85.85  0.13E-01  0.47E-04
184 10  36.10  -85.85  0.11E-01  0.39E-04
184 10  36.15  -85.85  0.89E-02  0.44E-04
184 10  36.20  -85.85  0.61E-02  0.16E-04
184 10  36.25  -85.85  0.40E-02  0.20E-04
184 10  36.30  -85.85  0.65E-02  0.26E-04
184 10  36.35  -85.85  0.17E-02  0.22E-05
184 10  36.40  -85.85  0.36E-03  0.38E-06
184 10  36.45  -85.85  0.49E-03  0.43E-07
184 10  36.50  -85.85  0.82E-03  0.29E-07
184 10  36.55  -85.85  0.20E-05  0.14E-08
184 10  36.60  -85.85  0.30E-05  0.16E-09
184 10  36.65  -85.85  0.16E-05  0.11E-07
184 10  36.70  -85.85  0.14E-07  0.26E-10
184 10  36.75  -85.85  0.85E-07  0.11E-10
184 10  36.80  -85.85  0.30E-08  0.15E-10
184 10  36.85  -85.85  0.18E-09  0.00E+00
184 10  35.80  -85.80  0.14E-06  0.00E+00
184 10  35.85  -85.80  0.75E-05  0.00E+00
184 10  35.90  -85.80  0.16E-02  0.00E+00
184 10  35.95  -85.80  0.28E-02  0.97E-05
184 10  36.00  -85.80  0.82E-02  0.25E-04
184 10  36.05  -85.80  0.65E-02  0.45E-04
184 10  36.10  -85.80  0.32E-02  0.16E-04
184 10  36.15  -85.80  0.34E-02  0.29E-04
184 10  36.20  -85.80  0.39E-02  0.14E-04
184 10  36.25  -85.80  0.24E-02  0.87E-05
184 10  36.30  -85.80  0.49E-02  0.17E-04
184 10  36.35  -85.80  0.28E-02  0.13E-04
184 10  36.40  -85.80  0.20E-02  0.69E-05
184 10  36.45  -85.80  0.64E-03  0.34E-05
184 10  36.50  -85.80  0.23E-03  0.42E-06
184 10  36.55  -85.80  0.68E-05  0.17E-08
184 10  36.60  -85.80  0.16E-05  0.61E-09
184 10  36.65  -85.80  0.58E-05  0.38E-07
184 10  36.70  -85.80  0.14E-05  0.59E-08
184 10  36.75  -85.80  0.38E-07  0.14E-10
184 10  36.80  -85.80  0.75E-08  0.00E+00
184 10  36.85  -85.80  0.13E-08  0.00E+00
184 10  36.90  -85.80  0.26E-08  0.14E-10
184 10  35.80  -85.75  0.27E-06  0.00E+00
184 10  35.85  -85.75  0.16E-04  0.00E+00
184 10  35.90  -85.75  0.42E-02  0.23E-04
184 10  35.95  -85.75  0.25E-03  0.14E-05
184 10  36.00  -85.75  0.87E-02  0.52E-04
184 10  36.05  -85.75  0.12E-01  0.60E-04
184 10  36.10  -85.75  0.48E-02  0.42E-04
184 10  36.15  -85.75  0.40E-02  0.21E-04
184 10  36.20  -85.75  0.33E-02  0.41E-04
184 10  36.25  -85.75  0.21E-02  0.20E-06
184 10  36.30  -85.75  0.33E-02  0.89E-05
184 10  36.35  -85.75  0.44E-02  0.22E-04
184 10  36.40  -85.75  0.72E-03  0.64E-06
184 10  36.45  -85.75  0.34E-03  0.16E-05
184 10  36.50  -85.75  0.27E-03  0.49E-06
184 10  36.55  -85.75  0.12E-04  0.46E-08
184 10  36.60  -85.75  0.53E-05  0.19E-07
184 10  36.65  -85.75  0.73E-06  0.41E-09
184 10  36.70  -85.75  0.59E-05  0.37E-07
184 10  36.75  -85.75  0.45E-06  0.38E-08
184 10  36.80  -85.75  0.71E-07  0.38E-09
184 10  36.85  -85.75  0.66E-07  0.00E+00
184 10  36.90  -85.75  0.11E-11  0.00E+00
184 10  36.95  -85.75  0.32E-12  0.00E+00
184 10  35.80  -85.70  0.33E-06  0.00E+00
184 10  35.85  -85.70  0.20E-04  0.00E+00
184 10  35.90  -85.70  0.34E-04  0.00E+00
184 10  35.95  -85.70  0.30E-03  0.26E-05
184 10  36.00  -85.70  0.22E-02  0.80E-05
184 10  36.05  -85.70  0.37E-02  0.17E-04
184 10  36.10  -85.70  0.27E-02  0.16E-04
184 10  36.15  -85.70  0.53E-02  0.95E-05
184 10  36.20  -85.70  0.59E-02  0.37E-04
184 10  36.25  -85.70  0.13E-02  0.69E-05
184 10  36.30  -85.70  0.26E-02  0.66E-05
184 10  36.35  -85.70  0.20E-02  0.27E-05
184 10  36.40  -85.70  0.32E-02  0.45E-05
184 10  36.45  -85.70  0.36E-03  0.22E-06
184 10  36.50  -85.70  0.61E-04  0.26E-07
184 10  36.55  -85.70  0.46E-04  0.76E-08
184 10  36.60  -85.70  0.45E-04  0.62E-06
184 10  36.65  -85.70  0.21E-05  0.68E-08
184 10  36.70  -85.70  0.15E-05  0.70E-09
184 10  36.75  -85.70  0.37E-06  0.46E-10
184 10  36.80  -85.70  0.58E-08  0.79E-10
184 10  36.85  -85.70  0.93E-08  0.12E-09
184 10  36.90  -85.70  0.15E-09  0.65E-12
184 10  36.95  -85.70  0.23E-12  0.17E-14
184 10  37.00  -85.70  0.52E-10  0.63E-12
184 10  35.80  -85.65  0.37E-06  0.00E+00
184 10  35.85  -85.65  0.27E-04  0.00E+00
184 10  35.90  -85.65  0.17E-04  0.00E+00
184 10  35.95  -85.65  0.47E-04  0.00E+00
184 10  36.00  -85.65  0.63E-03  0.35E-05
184 10  36.05  -85.65  0.39E-02  0.63E-05
184 10  36.10  -85.65  0.46E-02  0.58E-07
184 10  36.15  -85.65  0.12E-02  0.93E-06
184 10  36.20  -85.65  0.51E-02  0.22E-04
184 10  36.25  -85.65  0.30E-02  0.15E-04
184 10  36.30  -85.65  0.27E-02  0.15E-04
184 10  36.35  -85.65  0.19E-02  0.38E-06
184 10  36.40  -85.65  0.13E-02  0.36E-05
184 10  36.45  -85.65  0.88E-03  0.25E-05
184 10  36.50  -85.65  0.68E-03  0.54E-06
184 10  36.55  -85.65  0.43E-04  0.14E-06
184 10  36.60  -85.65  0.42E-05  0.26E-08
184 10  36.65  -85.65  0.63E-05  0.43E-07
184 10  36.70  -85.65  0.37E-06  0.79E-09
184 10  36.75  -85.65  0.10E-05  0.75E-11
184 10  36.80  -85.65  0.84E-08  0.37E-13
184 10  36.85  -85.65  0.70E-08  0.25E-10
184 10  36.90  -85.65  0.60E-07  0.63E-13
184 10  36.95  -85.65  0.16E-08  0.00E+00
184 10  35.80  -85.60  0.15E-06  0.00E+00
184 10  35.85  -85.60  0.13E-04  0.00E+00
184 10  35.90  -85.60  0.12E-04  0.00E+00
184 10  35.95  -85.60  0.40E-04  0.00E+00
184 10  36.00  -85.60  0.25E-02  0.21E-04
184 10  36.05  -85.60  0.85E-02  0.29E-04
184 10  36.10  -85.60  0.33E-02  0.13E-05
184 10  36.15  -85.60  0.98E-02  0.68E-04
184 10  36.20  -85.60  0.93E-03  0.31E-05
184 10  36.25  -85.60  0.29E-02  0.92E-05
184 10  36.30  -85.60  0.24E-02  0.17E-04
184 10  36.35  -85.60  0.19E-03  0.11E-05
184 10  36.40  -85.60  0.44E-03  0.26E-07
184 10  36.45  -85.60  0.15E-02  0.11E-07
184 10  36.50  -85.60  0.27E-03  0.77E-08
184 10  36.55  -85.60  0.17E-04  0.11E-06
184 10  36.60  -85.60  0.14E-04  0.11E-07
184 10  36.65  -85.60  0.20E-04  0.54E-06
184 10  36.70  -85.60  0.56E-05  0.43E-07
184 10  36.75  -85.60  0.61E-06  0.85E-08
184 10  36.80  -85.60  0.91E-06  0.85E-08
184 10  36.85  -85.60  0.11E-07  0.11E-09
184 10  36.90  -85.60  0.21E-07  0.10E-11
184 10  36.95  -85.60  0.90E-08  0.38E-12
184 10  37.00  -85.60  0.30E-09  0.00E+00
184 10  35.85  -85.55  0.21E-04  0.00E+00
184 10  35.90  -85.55  0.12E-04  0.00E+00
184 10  36.00  -85.55  0.17E-02  0.00E+00
184 10  36.05  -85.55  0.17E-02  0.13E-04
184 10  36.10  -85.55  0.51E-02  0.36E-04
184 10  36.15  -85.55  0.43E-02  0.17E-04
184 10  36.20  -85.55  0.12E-01  0.46E-04
184 10  36.25  -85.55  0.12E-02  0.66E-05
184 10  36.30  -85.55  0.18E-02  0.11E-05
184 10  36.35  -85.55  0.12E-02  0.17E-05
184 10  36.40  -85.55  0.14E-03  0.86E-07
184 10  36.45  -85.55  0.70E-03  0.53E-05
184 10  36.50  -85.55  0.29E-03  0.30E-06
184 10  36.55  -85.55  0.31E-04  0.10E-07
184 10  36.60  -85.55  0.76E-05  0.37E-07
184 10  36.65  -85.55  0.65E-05  0.21E-09
184 10  36.70  -85.55  0.22E-04  0.35E-09
184 10  36.75  -85.55  0.80E-07  0.13E-09
184 10  36.80  -85.55  0.37E-06  0.70E-08
184 10  36.85  -85.55  0.18E-06  0.65E-10
184 10  36.90  -85.55  0.13E-07  0.23E-11
184 10  36.95  -85.55  0.17E-07  0.57E-12
184 10  37.00  -85.55  0.13E-08  0.12E-10
184 10  37.05  -85.55  0.39E-13  0.00E+00
184 10  37.10  -85.55  0.24E-10  0.17E-12
184 10  35.85  -85.50  0.58E-04  0.00E+00
184 10  35.90  -85.50  0.23E-04  0.00E+00
184 10  35.95  -85.50  0.56E-03  0.00E+00
184 10  36.00  -85.50  0.14E-02  0.99E-05
184 10  36.05  -85.50  0.37E-03  0.51E-05
184 10  36.10  -85.50  0.26E-02  0.89E-05
184 10  36.15  -85.50  0.41E-02  0.78E-05
184 10  36.20  -85.50  0.55E-02  0.40E-04
184 10  36.25  -85.50  0.34E-02  0.14E-05
184 10  36.30  -85.50  0.18E-02  0.16E-04
184 10  36.35  -85.50  0.47E-03  0.18E-05
184 10  36.40  -85.50  0.15E-03  0.88E-06
184 10  36.45  -85.50  0.98E-03  0.25E-05
184 10  36.50  -85.50  0.19E-04  0.70E-07
184 10  36.55  -85.50  0.79E-05  0.71E-08
184 10  36.60  -85.50  0.64E-05  0.27E-08
184 10  36.65  -85.50  0.37E-05  0.19E-07
184 10  36.70  -85.50  0.25E-04  0.31E-07
184 10  36.75  -85.50  0.17E-05  0.13E-07
184 10  36.80  -85.50  0.94E-07  0.17E-10
184 10  36.85  -85.50  0.27E-08  0.21E-10
184 10  36.90  -85.50  0.15E-07  0.17E-11
184 10  36.95  -85.50  0.15E-07  0.60E-10
184 10  37.00  -85.50  0.23E-08  0.21E-14
184 10  37.05  -85.50  0.20E-12  0.64E-15
184 10  37.10  -85.50  0.51E-14  0.00E+00
184 10  35.85  -85.45  0.10E-03  0.00E+00
184 10  35.90  -85.45  0.12E-03  0.34E-06
184 10  35.95  -85.45  0.34E-04  0.00E+00
184 10  36.00  -85.45  0.64E-02  0.86E-05
184 10  36.05  -85.45  0.30E-04  0.00E+00
184 10  36.10  -85.45  0.23E-03  0.13E-05
184 10  36.15  -85.45  0.13E-02  0.12E-04
184 10  36.20  -85.45  0.26E-02  0.15E-04
184 10  36.25  -85.45  0.14E-02  0.33E-05
184 10  36.30  -85.45  0.85E-03  0.20E-06
184 10  36.35  -85.45  0.48E-03  0.84E-06
184 10  36.40  -85.45  0.15E-03  0.92E-07
184 10  36.45  -85.45  0.30E-04  0.53E-07
184 10  36.50  -85.45  0.14E-03  0.24E-07
184 10  36.55  -85.45  0.89E-05  0.56E-07
184 10  36.60  -85.45  0.42E-05  0.38E-08
184 10  36.65  -85.45  0.13E-05  0.60E-08
184 10  36.70  -85.45  0.98E-06  0.17E-08
184 10  36.75  -85.45  0.20E-05  0.40E-09
184 10  36.80  -85.45  0.72E-07  0.24E-10
184 10  36.85  -85.45  0.12E-05  0.34E-10
184 10  36.90  -85.45  0.49E-06  0.67E-08
184 10  36.95  -85.45  0.30E-09  0.16E-11
184 10  37.00  -85.45  0.37E-08  0.24E-13
184 10  37.05  -85.45  0.15E-09  0.32E-12
184 10  37.10  -85.45  0.12E-13  0.00E+00
184 10  35.80  -85.40  0.51E-04  0.00E+00
184 10  35.85  -85.40  0.46E-04  0.00E+00
184 10  35.90  -85.40  0.68E-04  0.00E+00
184 10  35.95  -85.40  0.58E-02  0.23E-04
184 10  36.00  -85.40  0.13E-02  0.20E-04
184 10  36.05  -85.40  0.39E-02  0.39E-04
184 10  36.10  -85.40  0.72E-05  0.00E+00
184 10  36.15  -85.40  0.39E-03  0.31E-06
184 10  36.20  -85.40  0.20E-02  0.89E-05
184 10  36.25  -85.40  0.13E-02  0.26E-05
184 10  36.30  -85.40  0.49E-03  0.60E-06
184 10  36.35  -85.40  0.40E-03  0.22E-05
184 10  36.40  -85.40  0.17E-03  0.89E-06
184 10  36.45  -85.40  0.75E-04  0.93E-08
184 10  36.50  -85.40  0.60E-05  0.82E-08
184 10  36.55  -85.40  0.52E-03  0.67E-07
184 10  36.60  -85.40  0.22E-05  0.28E-08
184 10  36.65  -85.40  0.22E-05  0.21E-09
184 10  36.70  -85.40  0.36E-05  0.26E-08
184 10  36.75  -85.40  0.13E-04  0.16E-09
184 10  36.80  -85.40  0.18E-04  0.20E-09
184 10  36.85  -85.40  0.44E-07  0.11E-09
184 10  36.90  -85.40  0.58E-06  0.55E-08
184 10  36.95  -85.40  0.89E-07  0.13E-10
184 10  37.00  -85.40  0.24E-08  0.90E-12
184 10  37.05  -85.40  0.97E-10  0.00E+00
184 10  37.10  -85.40  0.33E-08  0.55E-11
184 10  37.15  -85.40  0.24E-13  0.00E+00
184 10  37.20  -85.40  0.11E-11  0.00E+00
184 10  35.80  -85.35  0.12E-03  0.00E+00
184 10  35.85  -85.35  0.77E-06  0.00E+00
184 10  35.90  -85.35  0.40E-02  0.67E-04
184 10  35.95  -85.35  0.71E-04  0.10E-06
184 10  36.00  -85.35  0.86E-04  0.36E-07
184 10  36.05  -85.35  0.15E-02  0.74E-05
184 10  36.10  -85.35  0.12E-02  0.40E-05
184 10  36.15  -85.35  0.12E-02  0.41E-05
184 10  36.20  -85.35  0.11E-02  0.00E+00
184 10  36.25  -85.35  0.14E-02  0.38E-05
184 10  36.30  -85.35  0.13E-02  0.33E-06
184 10  36.35  -85.35  0.22E-02  0.17E-06
184 10  36.40  -85.35  0.34E-04  0.36E-07
184 10  36.45  -85.35  0.75E-04  0.51E-06
184 10  36.50  -85.35  0.54E-05  0.12E-07
184 10  36.55  -85.35  0.22E-05  0.71E-08
184 10  36.60  -85.35  0.92E-04  0.56E-07
184 10  36.65  -85.35  0.23E-05  0.16E-07
184 10  36.70  -85.35  0.15E-05  0.27E-08
184 10  36.75  -85.35  0.30E-05  0.48E-08
184 10  36.80  -85.35  0.72E-07  0.73E-10
184 10  36.85  -85.35  0.16E-06  0.98E-09
184 10  36.90  -85.35  0.15E-07  0.61E-10
184 10  36.95  -85.35  0.43E-06  0.52E-08
184 10  37.00  -85.35  0.15E-06  0.82E-13
184 10  37.05  -85.35  0.53E-08  0.22E-11
184 10  37.10  -85.35  0.53E-08  0.65E-10
184 10  37.15  -85.35  0.45E-08  0.00E+00
184 10  37.20  -85.35  0.35E-12  0.00E+00
184 10  37.25  -85.35  0.74E-11  0.75E-13
184 10  35.80  -85.30  0.65E-04  0.00E+00
184 10  35.85  -85.30  0.46E-04  0.28E-06
184 10  35.90  -85.30  0.16E-02  0.00E+00
184 10  35.95  -85.30  0.23E-02  0.11E-04
184 10  36.00  -85.30  0.18E-02  0.83E-07
184 10  36.05  -85.30  0.21E-02  0.00E+00
184 10  36.10  -85.30  0.79E-03  0.00E+00
184 10  36.15  -85.30  0.58E-03  0.00E+00
184 10  36.20  -85.30  0.19E-02  0.25E-05
184 10  36.25  -85.30  0.16E-02  0.38E-05
184 10  36.30  -85.30  0.28E-02  0.80E-05
184 10  36.35  -85.30  0.20E-02  0.12E-04
184 10  36.40  -85.30  0.19E-03  0.88E-06
184 10  36.45  -85.30  0.15E-03  0.93E-06
184 10  36.50  -85.30  0.30E-04  0.83E-07
184 10  36.55  -85.30  0.51E-04  0.27E-06
184 10  36.60  -85.30  0.16E-03  0.62E-07
184 10  36.65  -85.30  0.42E-04  0.70E-08
184 10  36.70  -85.30  0.11E-05  0.58E-08
184 10  36.75  -85.30  0.35E-06  0.11E-08
184 10  36.80  -85.30  0.13E-05  0.49E-09
184 10  36.85  -85.30  0.67E-07  0.56E-09
184 10  36.90  -85.30  0.19E-06  0.42E-10
184 10  36.95  -85.30  0.66E-08  0.86E-10
184 10  37.00  -85.30  0.48E-06  0.12E-09
184 10  37.05  -85.30  0.84E-07  0.62E-09
184 10  37.10  -85.30  0.32E-07  0.20E-09
184 10  37.15  -85.30  0.64E-09  0.00E+00
184 10  37.20  -85.30  0.85E-12  0.00E+00
184 10  37.25  -85.30  0.27E-11  0.00E+00
184 10  37.30  -85.30  0.17E-12  0.00E+00
