YYYY MM DD HH    DURATION(hhhh) #RECORDS
YYYY MM DD HH MM DURATION(hhmm) LAT LON HGT(m) RATE(/h) AREA(m2) HEAT(w)
2012 02 21 02 813 813
2012 02 21 02 00 0100 36.0 -86.8 1.8 127000 0.0 0.0
2012 02 21 03 00 0100 36.0 -86.8 1.8 128000 0.0 0.0
2012 02 21 04 00 0100 36.0 -86.8 1.8 129000 0.0 0.0
2012 02 21 05 00 0100 36.0 -86.8 1.8 130000 0.0 0.0
2012 02 21 06 00 0100 36.0 -86.8 1.8 131000 0.0 0.0
2012 02 21 07 00 0100 36.0 -86.8 1.8 132000 0.0 0.0
2012 02 21 08 00 0100 36.0 -86.8 1.8 133000 0.0 0.0
2012 02 21 09 00 0100 36.0 -86.8 1.8 134000 0.0 0.0
2012 02 21 10 00 0100 36.0 -86.8 1.8 135000 0.0 0.0
2012 02 21 11 00 0100 36.0 -86.8 1.8 136000 0.0 0.0
2012 02 21 12 00 0100 36.0 -86.8 1.8 137000 0.0 0.0
2012 02 21 13 00 0100 36.0 -86.8 1.8 138000 0.0 0.0
2012 02 21 14 00 0100 36.0 -86.8 1.8 139000 0.0 0.0
2012 02 21 15 00 0100 36.0 -86.8 1.8 140000 0.0 0.0
2012 02 21 16 00 0100 36.0 -86.8 1.8 141000 0.0 0.0
2012 02 21 17 00 0100 36.0 -86.8 1.8 142000 0.0 0.0
2012 02 21 18 00 0100 36.0 -86.8 1.8 143000 0.0 0.0
2012 02 21 19 00 0100 36.0 -86.8 1.8 144000 0.0 0.0
2012 02 21 20 00 0100 36.0 -86.8 1.8 145000 0.0 0.0
2012 02 21 21 00 0100 36.0 -86.8 1.8 146000 0.0 0.0
2012 02 21 22 00 0100 36.0 -86.8 1.8 147000 0.0 0.0
2012 02 21 23 00 0100 36.0 -86.8 1.8 148000 0.0 0.0
2012 02 22 00 00 0100 36.0 -86.8 1.8 130000 0.0 0.0
2012 02 22 01 00 0100 36.0 -86.8 1.8 131000 0.0 0.0
2012 02 22 02 00 0100 36.0 -86.8 1.8 132000 0.0 0.0
2012 02 22 03 00 0100 36.0 -86.8 1.8 133000 0.0 0.0
2012 02 22 04 00 0100 36.0 -86.8 1.8 134000 0.0 0.0
2012 02 22 05 00 0100 36.0 -86.8 1.8 135000 0.0 0.0
2012 02 22 06 00 0100 36.0 -86.8 1.8 136000 0.0 0.0
2012 02 22 07 00 0100 36.0 -86.8 1.8 137000 0.0 0.0
2012 02 22 08 00 0100 36.0 -86.8 1.8 138000 0.0 0.0
2012 02 22 09 00 0100 36.0 -86.8 1.8 139000 0.0 0.0
2012 02 22 10 00 0100 36.0 -86.8 1.8 140000 0.0 0.0
2012 02 22 11 00 0100 36.0 -86.8 1.8 141000 0.0 0.0
2012 02 22 12 00 0100 36.0 -86.8 1.8 142000 0.0 0.0
2012 02 22 13 00 0100 36.0 -86.8 1.8 143000 0.0 0.0
2012 02 22 14 00 0100 36.0 -86.8 1.8 144000 0.0 0.0
2012 02 22 15 00 0100 36.0 -86.8 1.8 145000 0.0 0.0
2012 02 22 16 00 0100 36.0 -86.8 1.8 146000 0.0 0.0
2012 02 22 17 00 0100 36.0 -86.8 1.8 147000 0.0 0.0
2012 02 22 18 00 0100 36.0 -86.8 1.8 148000 0.0 0.0
2012 02 22 19 00 0100 36.0 -86.8 1.8 149000 0.0 0.0
2012 02 22 20 00 0100 36.0 -86.8 1.8 150000 0.0 0.0
2012 02 22 21 00 0100 36.0 -86.8 1.8 151000 0.0 0.0
2012 02 22 22 00 0100 36.0 -86.8 1.8 152000 0.0 0.0
2012 02 22 23 00 0100 36.0 -86.8 1.8 153000 0.0 0.0
2012 02 23 00 00 0100 36.0 -86.8 1.8 135000 0.0 0.0
2012 02 23 01 00 0100 36.0 -86.8 1.8 136000 0.0 0.0
2012 02 23 02 00 0100 36.0 -86.8 1.8 137000 0.0 0.0
2012 02 23 03 00 0100 36.0 -86.8 1.8 138000 0.0 0.0
2012 02 23 04 00 0100 36.0 -86.8 1.8 139000 0.0 0.0
2012 02 23 05 00 0100 36.0 -86.8 1.8 140000 0.0 0.0
2012 02 23 06 00 0100 36.0 -86.8 1.8 141000 0.0 0.0
2012 02 23 07 00 0100 36.0 -86.8 1.8 142000 0.0 0.0
2012 02 23 08 00 0100 36.0 -86.8 1.8 143000 0.0 0.0
2012 02 23 09 00 0100 36.0 -86.8 1.8 144000 0.0 0.0
2012 02 23 10 00 0100 36.0 -86.8 1.8 145000 0.0 0.0
2012 02 23 11 00 0100 36.0 -86.8 1.8 146000 0.0 0.0
2012 02 23 12 00 0100 36.0 -86.8 1.8 147000 0.0 0.0
2012 02 23 13 00 0100 36.0 -86.8 1.8 148000 0.0 0.0
2012 02 23 14 00 0100 36.0 -86.8 1.8 149000 0.0 0.0
2012 02 23 15 00 0100 36.0 -86.8 1.8 150000 0.0 0.0
2012 02 23 16 00 0100 36.0 -86.8 1.8 151000 0.0 0.0
2012 02 23 17 00 0100 36.0 -86.8 1.8 152000 0.0 0.0
2012 02 23 18 00 0100 36.0 -86.8 1.8 153000 0.0 0.0
2012 02 23 19 00 0100 36.0 -86.8 1.8 154000 0.0 0.0
2012 02 23 20 00 0100 36.0 -86.8 1.8 155000 0.0 0.0
2012 02 23 21 00 0100 36.0 -86.8 1.8 156000 0.0 0.0
2012 02 23 22 00 0100 36.0 -86.8 1.8 157000 0.0 0.0
2012 02 23 23 00 0100 36.0 -86.8 1.8 158000 0.0 0.0
2012 02 24 00 00 0100 36.0 -86.8 1.8 140000 0.0 0.0
2012 02 24 01 00 0100 36.0 -86.8 1.8 141000 0.0 0.0
2012 02 24 02 00 0100 36.0 -86.8 1.8 142000 0.0 0.0
2012 02 24 03 00 0100 36.0 -86.8 1.8 143000 0.0 0.0
2012 02 24 04 00 0100 36.0 -86.8 1.8 144000 0.0 0.0
2012 02 24 05 00 0100 36.0 -86.8 1.8 145000 0.0 0.0
2012 02 24 06 00 0100 36.0 -86.8 1.8 146000 0.0 0.0
2012 02 24 07 00 0100 36.0 -86.8 1.8 147000 0.0 0.0
2012 02 24 08 00 0100 36.0 -86.8 1.8 148000 0.0 0.0
2012 02 24 09 00 0100 36.0 -86.8 1.8 149000 0.0 0.0
2012 02 24 10 00 0100 36.0 -86.8 1.8 150000 0.0 0.0
2012 02 24 11 00 0100 36.0 -86.8 1.8 151000 0.0 0.0
2012 02 24 12 00 0100 36.0 -86.8 1.8 152000 0.0 0.0
2012 02 24 13 00 0100 36.0 -86.8 1.8 153000 0.0 0.0
2012 02 24 14 00 0100 36.0 -86.8 1.8 154000 0.0 0.0
2012 02 24 15 00 0100 36.0 -86.8 1.8 155000 0.0 0.0
2012 02 24 16 00 0100 36.0 -86.8 1.8 156000 0.0 0.0
2012 02 24 17 00 0100 36.0 -86.8 1.8 157000 0.0 0.0
2012 02 24 18 00 0100 36.0 -86.8 1.8 158000 0.0 0.0
2012 02 24 19 00 0100 36.0 -86.8 1.8 159000 0.0 0.0
2012 02 24 20 00 0100 36.0 -86.8 1.8 160000 0.0 0.0
2012 02 24 21 00 0100 36.0 -86.8 1.8 161000 0.0 0.0
2012 02 24 22 00 0100 36.0 -86.8 1.8 162000 0.0 0.0
2012 02 24 23 00 0100 36.0 -86.8 1.8 163000 0.0 0.0
2012 02 25 00 00 0100 36.0 -86.8 1.8 145000 0.0 0.0
2012 02 25 01 00 0100 36.0 -86.8 1.8 146000 0.0 0.0
2012 02 25 02 00 0100 36.0 -86.8 1.8 147000 0.0 0.0
2012 02 25 03 00 0100 36.0 -86.8 1.8 148000 0.0 0.0
2012 02 25 04 00 0100 36.0 -86.8 1.8 149000 0.0 0.0
2012 02 25 05 00 0100 36.0 -86.8 1.8 150000 0.0 0.0
2012 02 25 06 00 0100 36.0 -86.8 1.8 151000 0.0 0.0
2012 02 25 07 00 0100 36.0 -86.8 1.8 152000 0.0 0.0
2012 02 25 08 00 0100 36.0 -86.8 1.8 153000 0.0 0.0
2012 02 25 09 00 0100 36.0 -86.8 1.8 154000 0.0 0.0
2012 02 25 10 00 0100 36.0 -86.8 1.8 155000 0.0 0.0
2012 02 25 11 00 0100 36.0 -86.8 1.8 156000 0.0 0.0
2012 02 25 12 00 0100 36.0 -86.8 1.8 157000 0.0 0.0
2012 02 25 13 00 0100 36.0 -86.8 1.8 158000 0.0 0.0
2012 02 25 14 00 0100 36.0 -86.8 1.8 159000 0.0 0.0
2012 02 25 15 00 0100 36.0 -86.8 1.8 160000 0.0 0.0
2012 02 25 16 00 0100 36.0 -86.8 1.8 161000 0.0 0.0
2012 02 25 17 00 0100 36.0 -86.8 1.8 162000 0.0 0.0
2012 02 25 18 00 0100 36.0 -86.8 1.8 163000 0.0 0.0
2012 02 25 19 00 0100 36.0 -86.8 1.8 164000 0.0 0.0
2012 02 25 20 00 0100 36.0 -86.8 1.8 165000 0.0 0.0
2012 02 25 21 00 0100 36.0 -86.8 1.8 166000 0.0 0.0
2012 02 25 22 00 0100 36.0 -86.8 1.8 167000 0.0 0.0
2012 02 25 23 00 0100 36.0 -86.8 1.8 168000 0.0 0.0
2012 02 26 00 00 0100 36.0 -86.8 1.8 150000 0.0 0.0
2012 02 26 01 00 0100 36.0 -86.8 1.8 151000 0.0 0.0
2012 02 26 02 00 0100 36.0 -86.8 1.8 152000 0.0 0.0
2012 02 26 03 00 0100 36.0 -86.8 1.8 153000 0.0 0.0
2012 02 26 04 00 0100 36.0 -86.8 1.8 154000 0.0 0.0
2012 02 26 05 00 0100 36.0 -86.8 1.8 155000 0.0 0.0
2012 02 26 06 00 0100 36.0 -86.8 1.8 156000 0.0 0.0
2012 02 26 07 00 0100 36.0 -86.8 1.8 157000 0.0 0.0
2012 02 26 08 00 0100 36.0 -86.8 1.8 158000 0.0 0.0
2012 02 26 09 00 0100 36.0 -86.8 1.8 159000 0.0 0.0
2012 02 26 10 00 0100 36.0 -86.8 1.8 160000 0.0 0.0
2012 02 26 11 00 0100 36.0 -86.8 1.8 161000 0.0 0.0
2012 02 26 12 00 0100 36.0 -86.8 1.8 162000 0.0 0.0
2012 02 26 13 00 0100 36.0 -86.8 1.8 163000 0.0 0.0
2012 02 26 14 00 0100 36.0 -86.8 1.8 164000 0.0 0.0
2012 02 26 15 00 0100 36.0 -86.8 1.8 165000 0.0 0.0
2012 02 26 16 00 0100 36.0 -86.8 1.8 166000 0.0 0.0
2012 02 26 17 00 0100 36.0 -86.8 1.8 167000 0.0 0.0
2012 02 26 18 00 0100 36.0 -86.8 1.8 168000 0.0 0.0
2012 02 26 19 00 0100 36.0 -86.8 1.8 169000 0.0 0.0
2012 02 26 20 00 0100 36.0 -86.8 1.8 170000 0.0 0.0
2012 02 26 21 00 0100 36.0 -86.8 1.8 171000 0.0 0.0
2012 02 26 22 00 0100 36.0 -86.8 1.8 172000 0.0 0.0
2012 02 26 23 00 0100 36.0 -86.8 1.8 173000 0.0 0.0
2012 02 27 00 00 0100 36.0 -86.8 1.8 155000 0.0 0.0
2012 02 27 01 00 0100 36.0 -86.8 1.8 156000 0.0 0.0
2012 02 27 02 00 0100 36.0 -86.8 1.8 157000 0.0 0.0
2012 02 27 03 00 0100 36.0 -86.8 1.8 158000 0.0 0.0
2012 02 27 04 00 0100 36.0 -86.8 1.8 159000 0.0 0.0
2012 02 27 05 00 0100 36.0 -86.8 1.8 160000 0.0 0.0
2012 02 27 06 00 0100 36.0 -86.8 1.8 161000 0.0 0.0
2012 02 27 07 00 0100 36.0 -86.8 1.8 162000 0.0 0.0
2012 02 27 08 00 0100 36.0 -86.8 1.8 163000 0.0 0.0
2012 02 27 09 00 0100 36.0 -86.8 1.8 164000 0.0 0.0
2012 02 27 10 00 0100 36.0 -86.8 1.8 165000 0.0 0.0
2012 02 27 11 00 0100 36.0 -86.8 1.8 166000 0.0 0.0
2012 02 27 12 00 0100 36.0 -86.8 1.8 167000 0.0 0.0
2012 02 27 13 00 0100 36.0 -86.8 1.8 168000 0.0 0.0
2012 02 27 14 00 0100 36.0 -86.8 1.8 169000 0.0 0.0
2012 02 27 15 00 0100 36.0 -86.8 1.8 170000 0.0 0.0
2012 02 27 16 00 0100 36.0 -86.8 1.8 171000 0.0 0.0
2012 02 27 17 00 0100 36.0 -86.8 1.8 172000 0.0 0.0
2012 02 27 18 00 0100 36.0 -86.8 1.8 173000 0.0 0.0
2012 02 27 19 00 0100 36.0 -86.8 1.8 174000 0.0 0.0
2012 02 27 20 00 0100 36.0 -86.8 1.8 175000 0.0 0.0
2012 02 27 21 00 0100 36.0 -86.8 1.8 176000 0.0 0.0
2012 02 27 22 00 0100 36.0 -86.8 1.8 177000 0.0 0.0
2012 02 27 23 00 0100 36.0 -86.8 1.8 178000 0.0 0.0
2012 02 28 00 00 0100 36.0 -86.8 1.8 160000 0.0 0.0
2012 02 28 01 00 0100 36.0 -86.8 1.8 161000 0.0 0.0
2012 02 28 02 00 0100 36.0 -86.8 1.8 162000 0.0 0.0
2012 02 28 03 00 0100 36.0 -86.8 1.8 163000 0.0 0.0
2012 02 28 04 00 0100 36.0 -86.8 1.8 164000 0.0 0.0
2012 02 28 05 00 0100 36.0 -86.8 1.8 165000 0.0 0.0
2012 02 28 06 00 0100 36.0 -86.8 1.8 166000 0.0 0.0
2012 02 28 07 00 0100 36.0 -86.8 1.8 167000 0.0 0.0
2012 02 28 08 00 0100 36.0 -86.8 1.8 168000 0.0 0.0
2012 02 28 09 00 0100 36.0 -86.8 1.8 169000 0.0 0.0
2012 02 28 10 00 0100 36.0 -86.8 1.8 170000 0.0 0.0
2012 02 28 11 00 0100 36.0 -86.8 1.8 171000 0.0 0.0
2012 02 28 12 00 0100 36.0 -86.8 1.8 172000 0.0 0.0
2012 02 28 13 00 0100 36.0 -86.8 1.8 173000 0.0 0.0
2012 02 28 14 00 0100 36.0 -86.8 1.8 174000 0.0 0.0
2012 02 28 15 00 0100 36.0 -86.8 1.8 175000 0.0 0.0
2012 02 28 16 00 0100 36.0 -86.8 1.8 176000 0.0 0.0
2012 02 28 17 00 0100 36.0 -86.8 1.8 177000 0.0 0.0
2012 02 28 18 00 0100 36.0 -86.8 1.8 178000 0.0 0.0
2012 02 28 19 00 0100 36.0 -86.8 1.8 179000 0.0 0.0
2012 02 28 20 00 0100 36.0 -86.8 1.8 180000 0.0 0.0
2012 02 28 21 00 0100 36.0 -86.8 1.8 181000 0.0 0.0
2012 02 28 22 00 0100 36.0 -86.8 1.8 182000 0.0 0.0
2012 02 28 23 00 0100 36.0 -86.8 1.8 183000 0.0 0.0
2012 02 29 00 00 0100 36.0 -86.8 1.8 165000 0.0 0.0
2012 02 29 01 00 0100 36.0 -86.8 1.8 166000 0.0 0.0
2012 02 29 02 00 0100 36.0 -86.8 1.8 167000 0.0 0.0
2012 02 29 03 00 0100 36.0 -86.8 1.8 168000 0.0 0.0
2012 02 29 04 00 0100 36.0 -86.8 1.8 169000 0.0 0.0
2012 02 29 05 00 0100 36.0 -86.8 1.8 170000 0.0 0.0
2012 02 29 06 00 0100 36.0 -86.8 1.8 171000 0.0 0.0
2012 02 29 07 00 0100 36.0 -86.8 1.8 172000 0.0 0.0
2012 02 29 08 00 0100 36.0 -86.8 1.8 173000 0.0 0.0
2012 02 29 09 00 0100 36.0 -86.8 1.8 174000 0.0 0.0
2012 02 29 10 00 0100 36.0 -86.8 1.8 175000 0.0 0.0
2012 02 29 11 00 0100 36.0 -86.8 1.8 176000 0.0 0.0
2012 02 29 12 00 0100 36.0 -86.8 1.8 177000 0.0 0.0
2012 02 29 13 00 0100 36.0 -86.8 1.8 178000 0.0 0.0
2012 02 29 14 00 0100 36.0 -86.8 1.8 179000 0.0 0.0
2012 02 29 15 00 0100 36.0 -86.8 1.8 180000 0.0 0.0
2012 02 29 16 00 0100 36.0 -86.8 1.8 181000 0.0 0.0
2012 02 29 17 00 0100 36.0 -86.8 1.8 182000 0.0 0.0
2012 02 29 18 00 0100 36.0 -86.8 1.8 183000 0.0 0.0
2012 02 29 19 00 0100 36.0 -86.8 1.8 184000 0.0 0.0
2012 02 29 20 00 0100 36.0 -86.8 1.8 185000 0.0 0.0
2012 02 29 21 00 0100 36.0 -86.8 1.8 186000 0.0 0.0
2012 02 29 22 00 0100 36.0 -86.8 1.8 187000 0.0 0.0
2012 02 29 23 00 0100 36.0 -86.8 1.8 188000 0.0 0.0
2012 03 01 00 00 0100 36.0 -86.8 1.8 35000 0.0 0.0
2012 03 01 01 00 0100 36.0 -86.8 1.8 36000 0.0 0.0
2012 03 01 02 00 0100 36.0 -86.8 1.8 37000 0.0 0.0
2012 03 01 03 00 0100 36.0 -86.8 1.8 38000 0.0 0.0
2012 03 01 04 00 0100 36.0 -86.8 1.8 39000 0.0 0.0
2012 03 01 05 00 0100 36.0 -86.8 1.8 40000 0.0 0.0
2012 03 01 06 00 0100 36.0 -86.8 1.8 41000 0.0 0.0
2012 03 01 07 00 0100 36.0 -86.8 1.8 42000 0.0 0.0
2012 03 01 08 00 0100 36.0 -86.8 1.8 43000 0.0 0.0
2012 03 01 09 00 0100 36.0 -86.8 1.8 44000 0.0 0.0
2012 03 01 10 00 0100 36.0 -86.8 1.8 45000 0.0 0.0
2012 03 01 11 00 0100 36.0 -86.8 1.8 46000 0.0 0.0
2012 03 01 12 00 0100 36.0 -86.8 1.8 47000 0.0 0.0
2012 03 01 13 00 0100 36.0 -86.8 1.8 48000 0.0 0.0
2012 03 01 14 00 0100 36.0 -86.8 1.8 49000 0.0 0.0
2012 03 01 15 00 0100 36.0 -86.8 1.8 50000 0.0 0.0
2012 03 01 16 00 0100 36.0 -86.8 1.8 51000 0.0 0.0
2012 03 01 17 00 0100 36.0 -86.8 1.8 52000 0.0 0.0
2012 03 01 18 00 0100 36.0 -86.8 1.8 53000 0.0 0.0
2012 03 01 19 00 0100 36.0 -86.8 1.8 54000 0.0 0.0
2012 03 01 20 00 0100 36.0 -86.8 1.8 55000 0.0 0.0
2012 03 01 21 00 0100 36.0 -86.8 1.8 56000 0.0 0.0
2012 03 01 22 00 0100 36.0 -86.8 1.8 57000 0.0 0.0
2012 03 01 23 00 0100 36.0 -86.8 1.8 58000 0.0 0.0
2012 03 02 00 00 0100 36.0 -86.8 1.8 40000 0.0 0.0
2012 03 02 01 00 0100 36.0 -86.8 1.8 41000 0.0 0.0
2012 03 02 02 00 0100 36.0 -86.8 1.8 42000 0.0 0.0
2012 03 02 03 00 0100 36.0 -86.8 1.8 43000 0.0 0.0
2012 03 02 04 00 0100 36.0 -86.8 1.8 44000 0.0 0.0
2012 03 02 05 00 0100 36.0 -86.8 1.8 45000 0.0 0.0
2012 03 02 06 00 0100 36.0 -86.8 1.8 46000 0.0 0.0
2012 03 02 07 00 0100 36.0 -86.8 1.8 47000 0.0 0.0
2012 03 02 08 00 0100 36.0 -86.8 1.8 48000 0.0 0.0
2012 03 02 09 00 0100 36.0 -86.8 1.8 49000 0.0 0.0
2012 03 02 10 00 0100 36.0 -86.8 1.8 50000 0.0 0.0
2012 03 02 11 00 0100 36.0 -86.8 1.8 51000 0.0 0.0
2012 03 02 12 00 0100 36.0 -86.8 1.8 52000 0.0 0.0
2012 03 02 13 00 0100 36.0 -86.8 1.8 53000 0.0 0.0
2012 03 02 14 00 0100 36.0 -86.8 1.8 54000 0.0 0.0
2012 03 02 15 00 0100 36.0 -86.8 1.8 55000 0.0 0.0
2012 03 02 16 00 0100 36.0 -86.8 1.8 56000 0.0 0.0
2012 03 02 17 00 0100 36.0 -86.8 1.8 57000 0.0 0.0
2012 03 02 18 00 0100 36.0 -86.8 1.8 58000 0.0 0.0
2012 03 02 19 00 0100 36.0 -86.8 1.8 59000 0.0 0.0
2012 03 02 20 00 0100 36.0 -86.8 1.8 60000 0.0 0.0
2012 03 02 21 00 0100 36.0 -86.8 1.8 61000 0.0 0.0
2012 03 02 22 00 0100 36.0 -86.8 1.8 62000 0.0 0.0
2012 03 02 23 00 0100 36.0 -86.8 1.8 63000 0.0 0.0
2012 03 03 00 00 0100 36.0 -86.8 1.8 45000 0.0 0.0
2012 03 03 01 00 0100 36.0 -86.8 1.8 46000 0.0 0.0
2012 03 03 02 00 0100 36.0 -86.8 1.8 47000 0.0 0.0
2012 03 03 03 00 0100 36.0 -86.8 1.8 48000 0.0 0.0
2012 03 03 04 00 0100 36.0 -86.8 1.8 49000 0.0 0.0
2012 03 03 05 00 0100 36.0 -86.8 1.8 50000 0.0 0.0
2012 03 03 06 00 0100 36.0 -86.8 1.8 51000 0.0 0.0
2012 03 03 07 00 0100 36.0 -86.8 1.8 52000 0.0 0.0
2012 03 03 08 00 0100 36.0 -86.8 1.8 53000 0.0 0.0
2012 03 03 09 00 0100 36.0 -86.8 1.8 54000 0.0 0.0
2012 03 03 10 00 0100 36.0 -86.8 1.8 55000 0.0 0.0
2012 03 03 11 00 0100 36.0 -86.8 1.8 56000 0.0 0.0
2012 03 03 12 00 0100 36.0 -86.8 1.8 57000 0.0 0.0
2012 03 03 13 00 0100 36.0 -86.8 1.8 58000 0.0 0.0
2012 03 03 14 00 0100 36.0 -86.8 1.8 59000 0.0 0.0
2012 03 03 15 00 0100 36.0 -86.8 1.8 60000 0.0 0.0
2012 03 03 16 00 0100 36.0 -86.8 1.8 61000 0.0 0.0
2012 03 03 17 00 0100 36.0 -86.8 1.8 62000 0.0 0.0
2012 03 03 18 00 0100 36.0 -86.8 1.8 63000 0.0 0.0
2012 03 03 19 00 0100 36.0 -86.8 1.8 64000 0.0 0.0
2012 03 03 20 00 0100 36.0 -86.8 1.8 65000 0.0 0.0
2012 03 03 21 00 0100 36.0 -86.8 1.8 66000 0.0 0.0
2012 03 03 22 00 0100 36.0 -86.8 1.8 67000 0.0 0.0
2012 03 03 23 00 0100 36.0 -86.8 1.8 68000 0.0 0.0
2012 03 04 00 00 0100 36.0 -86.8 1.8 50000 0.0 0.0
2012 03 04 01 00 0100 36.0 -86.8 1.8 51000 0.0 0.0
2012 03 04 02 00 0100 36.0 -86.8 1.8 52000 0.0 0.0
2012 03 04 03 00 0100 36.0 -86.8 1.8 53000 0.0 0.0
2012 03 04 04 00 0100 36.0 -86.8 1.8 54000 0.0 0.0
2012 03 04 05 00 0100 36.0 -86.8 1.8 55000 0.0 0.0
2012 03 04 06 00 0100 36.0 -86.8 1.8 56000 0.0 0.0
2012 03 04 07 00 0100 36.0 -86.8 1.8 57000 0.0 0.0
2012 03 04 08 00 0100 36.0 -86.8 1.8 58000 0.0 0.0
2012 03 04 09 00 0100 36.0 -86.8 1.8 59000 0.0 0.0
2012 03 04 10 00 0100 36.0 -86.8 1.8 60000 0.0 0.0
2012 03 04 11 00 0100 36.0 -86.8 1.8 61000 0.0 0.0
2012 03 04 12 00 0100 36.0 -86.8 1.8 62000 0.0 0.0
2012 03 04 13 00 0100 36.0 -86.8 1.8 63000 0.0 0.0
2012 03 04 14 00 0100 36.0 -86.8 1.8 64000 0.0 0.0
2012 03 04 15 00 0100 36.0 -86.8 1.8 65000 0.0 0.0
2012 03 04 16 00 0100 36.0 -86.8 1.8 66000 0.0 0.0
2012 03 04 17 00 0100 36.0 -86.8 1.8 67000 0.0 0.0
2012 03 04 18 00 0100 36.0 -86.8 1.8 68000 0.0 0.0
2012 03 04 19 00 0100 36.0 -86.8 1.8 69000 0.0 0.0
2012 03 04 20 00 0100 36.0 -86.8 1.8 70000 0.0 0.0
2012 03 04 21 00 0100 36.0 -86.8 1.8 71000 0.0 0.0
2012 03 04 22 00 0100 36.0 -86.8 1.8 72000 0.0 0.0
2012 03 04 23 00 0100 36.0 -86.8 1.8 73000 0.0 0.0
2012 03 05 00 00 0100 36.0 -86.8 1.8 55000 0.0 0.0
2012 03 05 01 00 0100 36.0 -86.8 1.8 56000 0.0 0.0
2012 03 05 02 00 0100 36.0 -86.8 1.8 57000 0.0 0.0
2012 03 05 03 00 0100 36.0 -86.8 1.8 58000 0.0 0.0
2012 03 05 04 00 0100 36.0 -86.8 1.8 59000 0.0 0.0
2012 03 05 05 00 0100 36.0 -86.8 1.8 60000 0.0 0.0
2012 03 05 06 00 0100 36.0 -86.8 1.8 61000 0.0 0.0
2012 03 05 07 00 0100 36.0 -86.8 1.8 62000 0.0 0.0
2012 03 05 08 00 0100 36.0 -86.8 1.8 63000 0.0 0.0
2012 03 05 09 00 0100 36.0 -86.8 1.8 64000 0.0 0.0
2012 03 05 10 00 0100 36.0 -86.8 1.8 65000 0.0 0.0
2012 03 05 11 00 0100 36.0 -86.8 1.8 66000 0.0 0.0
2012 03 05 12 00 0100 36.0 -86.8 1.8 67000 0.0 0.0
2012 03 05 13 00 0100 36.0 -86.8 1.8 68000 0.0 0.0
2012 03 05 14 00 0100 36.0 -86.8 1.8 69000 0.0 0.0
2012 03 05 15 00 0100 36.0 -86.8 1.8 70000 0.0 0.0
2012 03 05 16 00 0100 36.0 -86.8 1.8 71000 0.0 0.0
2012 03 05 17 00 0100 36.0 -86.8 1.8 72000 0.0 0.0
2012 03 05 18 00 0100 36.0 -86.8 1.8 73000 0.0 0.0
2012 03 05 19 00 0100 36.0 -86.8 1.8 74000 0.0 0.0
2012 03 05 20 00 0100 36.0 -86.8 1.8 75000 0.0 0.0
2012 03 05 21 00 0100 36.0 -86.8 1.8 76000 0.0 0.0
2012 03 05 22 00 0100 36.0 -86.8 1.8 77000 0.0 0.0
2012 03 05 23 00 0100 36.0 -86.8 1.8 78000 0.0 0.0
2012 03 06 00 00 0100 36.0 -86.8 1.8 60000 0.0 0.0
2012 03 06 01 00 0100 36.0 -86.8 1.8 61000 0.0 0.0
2012 03 06 02 00 0100 36.0 -86.8 1.8 62000 0.0 0.0
2012 03 06 03 00 0100 36.0 -86.8 1.8 63000 0.0 0.0
2012 03 06 04 00 0100 36.0 -86.8 1.8 64000 0.0 0.0
2012 03 06 05 00 0100 36.0 -86.8 1.8 65000 0.0 0.0
2012 03 06 06 00 0100 36.0 -86.8 1.8 66000 0.0 0.0
2012 03 06 07 00 0100 36.0 -86.8 1.8 67000 0.0 0.0
2012 03 06 08 00 0100 36.0 -86.8 1.8 68000 0.0 0.0
2012 03 06 09 00 0100 36.0 -86.8 1.8 69000 0.0 0.0
2012 03 06 10 00 0100 36.0 -86.8 1.8 70000 0.0 0.0
2012 03 06 11 00 0100 36.0 -86.8 1.8 71000 0.0 0.0
2012 03 06 12 00 0100 36.0 -86.8 1.8 72000 0.0 0.0
2012 03 06 13 00 0100 36.0 -86.8 1.8 73000 0.0 0.0
2012 03 06 14 00 0100 36.0 -86.8 1.8 74000 0.0 0.0
2012 03 06 15 00 0100 36.0 -86.8 1.8 75000 0.0 0.0
2012 03 06 16 00 0100 36.0 -86.8 1.8 76000 0.0 0.0
2012 03 06 17 00 0100 36.0 -86.8 1.8 77000 0.0 0.0
2012 03 06 18 00 0100 36.0 -86.8 1.8 78000 0.0 0.0
2012 03 06 19 00 0100 36.0 -86.8 1.8 79000 0.0 0.0
2012 03 06 20 00 0100 36.0 -86.8 1.8 80000 0.0 0.0
2012 03 06 21 00 0100 36.0 -86.8 1.8 81000 0.0 0.0
2012 03 06 22 00 0100 36.0 -86.8 1.8 82000 0.0 0.0
2012 03 06 23 00 0100 36.0 -86.8 1.8 83000 0.0 0.0
2012 03 07 00 00 0100 36.0 -86.8 1.8 65000 0.0 0.0
2012 03 07 01 00 0100 36.0 -86.8 1.8 66000 0.0 0.0
2012 03 07 02 00 0100 36.0 -86.8 1.8 67000 0.0 0.0
2012 03 07 03 00 0100 36.0 -86.8 1.8 68000 0.0 0.0
2012 03 07 04 00 0100 36.0 -86.8 1.8 69000 0.0 0.0
2012 03 07 05 00 0100 36.0 -86.8 1.8 70000 0.0 0.0
2012 03 07 06 00 0100 36.0 -86.8 1.8 71000 0.0 0.0
2012 03 07 07 00 0100 36.0 -86.8 1.8 72000 0.0 0.0
2012 03 07 08 00 0100 36.0 -86.8 1.8 73000 0.0 0.0
2012 03 07 09 00 0100 36.0 -86.8 1.8 74000 0.0 0.0
2012 03 07 10 00 0100 36.0 -86.8 1.8 75000 0.0 0.0
2012 03 07 11 00 0100 36.0 -86.8 1.8 76000 0.0 0.0
2012 03 07 12 00 0100 36.0 -86.8 1.8 77000 0.0 0.0
2012 03 07 13 00 0100 36.0 -86.8 1.8 78000 0.0 0.0
2012 03 07 14 00 0100 36.0 -86.8 1.8 79000 0.0 0.0
2012 03 07 15 00 0100 36.0 -86.8 1.8 80000 0.0 0.0
2012 03 07 16 00 0100 36.0 -86.8 1.8 81000 0.0 0.0
2012 03 07 17 00 0100 36.0 -86.8 1.8 82000 0.0 0.0
2012 03 07 18 00 0100 36.0 -86.8 1.8 83000 0.0 0.0
2012 03 07 19 00 0100 36.0 -86.8 1.8 84000 0.0 0.0
2012 03 07 20 00 0100 36.0 -86.8 1.8 85000 0.0 0.0
2012 03 07 21 00 0100 36.0 -86.8 1.8 86000 0.0 0.0
2012 03 07 22 00 0100 36.0 -86.8 1.8 87000 0.0 0.0
2012 03 07 23 00 0100 36.0 -86.8 1.8 88000 0.0 0.0
2012 03 08 00 00 0100 36.0 -86.8 1.8 70000 0.0 0.0
2012 03 08 01 00 0100 36.0 -86.8 1.8 71000 0.0 0.0
2012 03 08 02 00 0100 36.0 -86.8 1.8 72000 0.0 0.0
2012 03 08 03 00 0100 36.0 -86.8 1.8 73000 0.0 0.0
2012 03 08 04 00 0100 36.0 -86.8 1.8 74000 0.0 0.0
2012 03 08 05 00 0100 36.0 -86.8 1.8 75000 0.0 0.0
2012 03 08 06 00 0100 36.0 -86.8 1.8 76000 0.0 0.0
2012 03 08 07 00 0100 36.0 -86.8 1.8 77000 0.0 0.0
2012 03 08 08 00 0100 36.0 -86.8 1.8 78000 0.0 0.0
2012 03 08 09 00 0100 36.0 -86.8 1.8 79000 0.0 0.0
2012 03 08 10 00 0100 36.0 -86.8 1.8 80000 0.0 0.0
2012 03 08 11 00 0100 36.0 -86.8 1.8 81000 0.0 0.0
2012 03 08 12 00 0100 36.0 -86.8 1.8 82000 0.0 0.0
2012 03 08 13 00 0100 36.0 -86.8 1.8 83000 0.0 0.0
2012 03 08 14 00 0100 36.0 -86.8 1.8 84000 0.0 0.0
2012 03 08 15 00 0100 36.0 -86.8 1.8 85000 0.0 0.0
2012 03 08 16 00 0100 36.0 -86.8 1.8 86000 0.0 0.0
2012 03 08 17 00 0100 36.0 -86.8 1.8 87000 0.0 0.0
2012 03 08 18 00 0100 36.0 -86.8 1.8 88000 0.0 0.0
2012 03 08 19 00 0100 36.0 -86.8 1.8 89000 0.0 0.0
2012 03 08 20 00 0100 36.0 -86.8 1.8 90000 0.0 0.0
2012 03 08 21 00 0100 36.0 -86.8 1.8 91000 0.0 0.0
2012 03 08 22 00 0100 36.0 -86.8 1.8 92000 0.0 0.0
2012 03 08 23 00 0100 36.0 -86.8 1.8 93000 0.0 0.0
2012 03 09 00 00 0100 36.0 -86.8 1.8 75000 0.0 0.0
2012 03 09 01 00 0100 36.0 -86.8 1.8 76000 0.0 0.0
2012 03 09 02 00 0100 36.0 -86.8 1.8 77000 0.0 0.0
2012 03 09 03 00 0100 36.0 -86.8 1.8 78000 0.0 0.0
2012 03 09 04 00 0100 36.0 -86.8 1.8 79000 0.0 0.0
2012 03 09 05 00 0100 36.0 -86.8 1.8 80000 0.0 0.0
2012 03 09 06 00 0100 36.0 -86.8 1.8 81000 0.0 0.0
2012 03 09 07 00 0100 36.0 -86.8 1.8 82000 0.0 0.0
2012 03 09 08 00 0100 36.0 -86.8 1.8 83000 0.0 0.0
2012 03 09 09 00 0100 36.0 -86.8 1.8 84000 0.0 0.0
2012 03 09 10 00 0100 36.0 -86.8 1.8 85000 0.0 0.0
2012 03 09 11 00 0100 36.0 -86.8 1.8 86000 0.0 0.0
2012 03 09 12 00 0100 36.0 -86.8 1.8 87000 0.0 0.0
2012 03 09 13 00 0100 36.0 -86.8 1.8 88000 0.0 0.0
2012 03 09 14 00 0100 36.0 -86.8 1.8 89000 0.0 0.0
2012 03 09 15 00 0100 36.0 -86.8 1.8 90000 0.0 0.0
2012 03 09 16 00 0100 36.0 -86.8 1.8 91000 0.0 0.0
2012 03 09 17 00 0100 36.0 -86.8 1.8 92000 0.0 0.0
2012 03 09 18 00 0100 36.0 -86.8 1.8 93000 0.0 0.0
2012 03 09 19 00 0100 36.0 -86.8 1.8 94000 0.0 0.0
2012 03 09 20 00 0100 36.0 -86.8 1.8 95000 0.0 0.0
2012 03 09 21 00 0100 36.0 -86.8 1.8 96000 0.0 0.0
2012 03 09 22 00 0100 36.0 -86.8 1.8 97000 0.0 0.0
2012 03 09 23 00 0100 36.0 -86.8 1.8 98000 0.0 0.0
2012 03 10 00 00 0100 36.0 -86.8 1.8 80000 0.0 0.0
2012 03 10 01 00 0100 36.0 -86.8 1.8 81000 0.0 0.0
2012 03 10 02 00 0100 36.0 -86.8 1.8 82000 0.0 0.0
2012 03 10 03 00 0100 36.0 -86.8 1.8 83000 0.0 0.0
2012 03 10 04 00 0100 36.0 -86.8 1.8 84000 0.0 0.0
2012 03 10 05 00 0100 36.0 -86.8 1.8 85000 0.0 0.0
2012 03 10 06 00 0100 36.0 -86.8 1.8 86000 0.0 0.0
2012 03 10 07 00 0100 36.0 -86.8 1.8 87000 0.0 0.0
2012 03 10 08 00 0100 36.0 -86.8 1.8 88000 0.0 0.0
2012 03 10 09 00 0100 36.0 -86.8 1.8 89000 0.0 0.0
2012 03 10 10 00 0100 36.0 -86.8 1.8 90000 0.0 0.0
2012 03 10 11 00 0100 36.0 -86.8 1.8 91000 0.0 0.0
2012 03 10 12 00 0100 36.0 -86.8 1.8 92000 0.0 0.0
2012 03 10 13 00 0100 36.0 -86.8 1.8 93000 0.0 0.0
2012 03 10 14 00 0100 36.0 -86.8 1.8 94000 0.0 0.0
2012 03 10 15 00 0100 36.0 -86.8 1.8 95000 0.0 0.0
2012 03 10 16 00 0100 36.0 -86.8 1.8 96000 0.0 0.0
2012 03 10 17 00 0100 36.0 -86.8 1.8 97000 0.0 0.0
2012 03 10 18 00 0100 36.0 -86.8 1.8 98000 0.0 0.0
2012 03 10 19 00 0100 36.0 -86.8 1.8 99000 0.0 0.0
2012 03 10 20 00 0100 36.0 -86.8 1.8 100000 0.0 0.0
2012 03 10 21 00 0100 36.0 -86.8 1.8 101000 0.0 0.0
2012 03 10 22 00 0100 36.0 -86.8 1.8 102000 0.0 0.0
2012 03 10 23 00 0100 36.0 -86.8 1.8 103000 0.0 0.0
2012 03 11 00 00 0100 36.0 -86.8 1.8 85000 0.0 0.0
2012 03 11 01 00 0100 36.0 -86.8 1.8 86000 0.0 0.0
2012 03 11 02 00 0100 36.0 -86.8 1.8 87000 0.0 0.0
2012 03 11 03 00 0100 36.0 -86.8 1.8 88000 0.0 0.0
2012 03 11 04 00 0100 36.0 -86.8 1.8 89000 0.0 0.0
2012 03 11 05 00 0100 36.0 -86.8 1.8 90000 0.0 0.0
2012 03 11 06 00 0100 36.0 -86.8 1.8 91000 0.0 0.0
2012 03 11 07 00 0100 36.0 -86.8 1.8 92000 0.0 0.0
2012 03 11 08 00 0100 36.0 -86.8 1.8 93000 0.0 0.0
2012 03 11 09 00 0100 36.0 -86.8 1.8 94000 0.0 0.0
2012 03 11 10 00 0100 36.0 -86.8 1.8 95000 0.0 0.0
2012 03 11 11 00 0100 36.0 -86.8 1.8 96000 0.0 0.0
2012 03 11 12 00 0100 36.0 -86.8 1.8 97000 0.0 0.0
2012 03 11 13 00 0100 36.0 -86.8 1.8 98000 0.0 0.0
2012 03 11 14 00 0100 36.0 -86.8 1.8 99000 0.0 0.0
2012 03 11 15 00 0100 36.0 -86.8 1.8 100000 0.0 0.0
2012 03 11 16 00 0100 36.0 -86.8 1.8 101000 0.0 0.0
2012 03 11 17 00 0100 36.0 -86.8 1.8 102000 0.0 0.0
2012 03 11 18 00 0100 36.0 -86.8 1.8 103000 0.0 0.0
2012 03 11 19 00 0100 36.0 -86.8 1.8 104000 0.0 0.0
2012 03 11 20 00 0100 36.0 -86.8 1.8 105000 0.0 0.0
2012 03 11 21 00 0100 36.0 -86.8 1.8 106000 0.0 0.0
2012 03 11 22 00 0100 36.0 -86.8 1.8 107000 0.0 0.0
2012 03 11 23 00 0100 36.0 -86.8 1.8 108000 0.0 0.0
2012 03 12 00 00 0100 36.0 -86.8 1.8 90000 0.0 0.0
2012 03 12 01 00 0100 36.0 -86.8 1.8 91000 0.0 0.0
2012 03 12 02 00 0100 36.0 -86.8 1.8 92000 0.0 0.0
2012 03 12 03 00 0100 36.0 -86.8 1.8 93000 0.0 0.0
2012 03 12 04 00 0100 36.0 -86.8 1.8 94000 0.0 0.0
2012 03 12 05 00 0100 36.0 -86.8 1.8 95000 0.0 0.0
2012 03 12 06 00 0100 36.0 -86.8 1.8 96000 0.0 0.0
2012 03 12 07 00 0100 36.0 -86.8 1.8 97000 0.0 0.0
2012 03 12 08 00 0100 36.0 -86.8 1.8 98000 0.0 0.0
2012 03 12 09 00 0100 36.0 -86.8 1.8 99000 0.0 0.0
2012 03 12 10 00 0100 36.0 -86.8 1.8 100000 0.0 0.0
2012 03 12 11 00 0100 36.0 -86.8 1.8 101000 0.0 0.0
2012 03 12 12 00 0100 36.0 -86.8 1.8 102000 0.0 0.0
2012 03 12 13 00 0100 36.0 -86.8 1.8 103000 0.0 0.0
2012 03 12 14 00 0100 36.0 -86.8 1.8 104000 0.0 0.0
2012 03 12 15 00 0100 36.0 -86.8 1.8 105000 0.0 0.0
2012 03 12 16 00 0100 36.0 -86.8 1.8 106000 0.0 0.0
2012 03 12 17 00 0100 36.0 -86.8 1.8 107000 0.0 0.0
2012 03 12 18 00 0100 36.0 -86.8 1.8 108000 0.0 0.0
2012 03 12 19 00 0100 36.0 -86.8 1.8 109000 0.0 0.0
2012 03 12 20 00 0100 36.0 -86.8 1.8 110000 0.0 0.0
2012 03 12 21 00 0100 36.0 -86.8 1.8 111000 0.0 0.0
2012 03 12 22 00 0100 36.0 -86.8 1.8 112000 0.0 0.0
2012 03 12 23 00 0100 36.0 -86.8 1.8 113000 0.0 0.0
2012 03 13 00 00 0100 36.0 -86.8 1.8 95000 0.0 0.0
2012 03 13 01 00 0100 36.0 -86.8 1.8 96000 0.0 0.0
2012 03 13 02 00 0100 36.0 -86.8 1.8 97000 0.0 0.0
2012 03 13 03 00 0100 36.0 -86.8 1.8 98000 0.0 0.0
2012 03 13 04 00 0100 36.0 -86.8 1.8 99000 0.0 0.0
2012 03 13 05 00 0100 36.0 -86.8 1.8 100000 0.0 0.0
2012 03 13 06 00 0100 36.0 -86.8 1.8 101000 0.0 0.0
2012 03 13 07 00 0100 36.0 -86.8 1.8 102000 0.0 0.0
2012 03 13 08 00 0100 36.0 -86.8 1.8 103000 0.0 0.0
2012 03 13 09 00 0100 36.0 -86.8 1.8 104000 0.0 0.0
2012 03 13 10 00 0100 36.0 -86.8 1.8 105000 0.0 0.0
2012 03 13 11 00 0100 36.0 -86.8 1.8 106000 0.0 0.0
2012 03 13 12 00 0100 36.0 -86.8 1.8 107000 0.0 0.0
2012 03 13 13 00 0100 36.0 -86.8 1.8 108000 0.0 0.0
2012 03 13 14 00 0100 36.0 -86.8 1.8 109000 0.0 0.0
2012 03 13 15 00 0100 36.0 -86.8 1.8 110000 0.0 0.0
2012 03 13 16 00 0100 36.0 -86.8 1.8 111000 0.0 0.0
2012 03 13 17 00 0100 36.0 -86.8 1.8 112000 0.0 0.0
2012 03 13 18 00 0100 36.0 -86.8 1.8 113000 0.0 0.0
2012 03 13 19 00 0100 36.0 -86.8 1.8 114000 0.0 0.0
2012 03 13 20 00 0100 36.0 -86.8 1.8 115000 0.0 0.0
2012 03 13 21 00 0100 36.0 -86.8 1.8 116000 0.0 0.0
2012 03 13 22 00 0100 36.0 -86.8 1.8 117000 0.0 0.0
2012 03 13 23 00 0100 36.0 -86.8 1.8 118000 0.0 0.0
2012 03 14 00 00 0100 36.0 -86.8 1.8 100000 0.0 0.0
2012 03 14 01 00 0100 36.0 -86.8 1.8 101000 0.0 0.0
2012 03 14 02 00 0100 36.0 -86.8 1.8 102000 0.0 0.0
2012 03 14 03 00 0100 36.0 -86.8 1.8 103000 0.0 0.0
2012 03 14 04 00 0100 36.0 -86.8 1.8 104000 0.0 0.0
2012 03 14 05 00 0100 36.0 -86.8 1.8 105000 0.0 0.0
2012 03 14 06 00 0100 36.0 -86.8 1.8 106000 0.0 0.0
2012 03 14 07 00 0100 36.0 -86.8 1.8 107000 0.0 0.0
2012 03 14 08 00 0100 36.0 -86.8 1.8 108000 0.0 0.0
2012 03 14 09 00 0100 36.0 -86.8 1.8 109000 0.0 0.0
2012 03 14 10 00 0100 36.0 -86.8 1.8 110000 0.0 0.0
2012 03 14 11 00 0100 36.0 -86.8 1.8 111000 0.0 0.0
2012 03 14 12 00 0100 36.0 -86.8 1.8 112000 0.0 0.0
2012 03 14 13 00 0100 36.0 -86.8 1.8 113000 0.0 0.0
2012 03 14 14 00 0100 36.0 -86.8 1.8 114000 0.0 0.0
2012 03 14 15 00 0100 36.0 -86.8 1.8 115000 0.0 0.0
2012 03 14 16 00 0100 36.0 -86.8 1.8 116000 0.0 0.0
2012 03 14 17 00 0100 36.0 -86.8 1.8 117000 0.0 0.0
2012 03 14 18 00 0100 36.0 -86.8 1.8 118000 0.0 0.0
2012 03 14 19 00 0100 36.0 -86.8 1.8 119000 0.0 0.0
2012 03 14 20 00 0100 36.0 -86.8 1.8 120000 0.0 0.0
2012 03 14 21 00 0100 36.0 -86.8 1.8 121000 0.0 0.0
2012 03 14 22 00 0100 36.0 -86.8 1.8 122000 0.0 0.0
2012 03 14 23 00 0100 36.0 -86.8 1.8 123000 0.0 0.0
2012 03 15 00 00 0100 36.0 -86.8 1.8 105000 0.0 0.0
2012 03 15 01 00 0100 36.0 -86.8 1.8 106000 0.0 0.0
2012 03 15 02 00 0100 36.0 -86.8 1.8 107000 0.0 0.0
2012 03 15 03 00 0100 36.0 -86.8 1.8 108000 0.0 0.0
2012 03 15 04 00 0100 36.0 -86.8 1.8 109000 0.0 0.0
2012 03 15 05 00 0100 36.0 -86.8 1.8 110000 0.0 0.0
2012 03 15 06 00 0100 36.0 -86.8 1.8 111000 0.0 0.0
2012 03 15 07 00 0100 36.0 -86.8 1.8 112000 0.0 0.0
2012 03 15 08 00 0100 36.0 -86.8 1.8 113000 0.0 0.0
2012 03 15 09 00 0100 36.0 -86.8 1.8 114000 0.0 0.0
2012 03 15 10 00 0100 36.0 -86.8 1.8 115000 0.0 0.0
2012 03 15 11 00 0100 36.0 -86.8 1.8 116000 0.0 0.0
2012 03 15 12 00 0100 36.0 -86.8 1.8 117000 0.0 0.0
2012 03 15 13 00 0100 36.0 -86.8 1.8 118000 0.0 0.0
2012 03 15 14 00 0100 36.0 -86.8 1.8 119000 0.0 0.0
2012 03 15 15 00 0100 36.0 -86.8 1.8 120000 0.0 0.0
2012 03 15 16 00 0100 36.0 -86.8 1.8 121000 0.0 0.0
2012 03 15 17 00 0100 36.0 -86.8 1.8 122000 0.0 0.0
2012 03 15 18 00 0100 36.0 -86.8 1.8 123000 0.0 0.0
2012 03 15 19 00 0100 36.0 -86.8 1.8 124000 0.0 0.0
2012 03 15 20 00 0100 36.0 -86.8 1.8 125000 0.0 0.0
2012 03 15 21 00 0100 36.0 -86.8 1.8 126000 0.0 0.0
2012 03 15 22 00 0100 36.0 -86.8 1.8 127000 0.0 0.0
2012 03 15 23 00 0100 36.0 -86.8 1.8 128000 0.0 0.0
2012 03 16 00 00 0100 36.0 -86.8 1.8 110000 0.0 0.0
2012 03 16 01 00 0100 36.0 -86.8 1.8 111000 0.0 0.0
2012 03 16 02 00 0100 36.0 -86.8 1.8 112000 0.0 0.0
2012 03 16 03 00 0100 36.0 -86.8 1.8 113000 0.0 0.0
2012 03 16 04 00 0100 36.0 -86.8 1.8 114000 0.0 0.0
2012 03 16 05 00 0100 36.0 -86.8 1.8 115000 0.0 0.0
2012 03 16 06 00 0100 36.0 -86.8 1.8 116000 0.0 0.0
2012 03 16 07 00 0100 36.0 -86.8 1.8 117000 0.0 0.0
2012 03 16 08 00 0100 36.0 -86.8 1.8 118000 0.0 0.0
2012 03 16 09 00 0100 36.0 -86.8 1.8 119000 0.0 0.0
2012 03 16 10 00 0100 36.0 -86.8 1.8 120000 0.0 0.0
2012 03 16 11 00 0100 36.0 -86.8 1.8 121000 0.0 0.0
2012 03 16 12 00 0100 36.0 -86.8 1.8 122000 0.0 0.0
2012 03 16 13 00 0100 36.0 -86.8 1.8 123000 0.0 0.0
2012 03 16 14 00 0100 36.0 -86.8 1.8 124000 0.0 0.0
2012 03 16 15 00 0100 36.0 -86.8 1.8 125000 0.0 0.0
2012 03 16 16 00 0100 36.0 -86.8 1.8 126000 0.0 0.0
2012 03 16 17 00 0100 36.0 -86.8 1.8 127000 0.0 0.0
2012 03 16 18 00 0100 36.0 -86.8 1.8 128000 0.0 0.0
2012 03 16 19 00 0100 36.0 -86.8 1.8 129000 0.0 0.0
2012 03 16 20 00 0100 36.0 -86.8 1.8 130000 0.0 0.0
2012 03 16 21 00 0100 36.0 -86.8 1.8 131000 0.0 0.0
2012 03 16 22 00 0100 36.0 -86.8 1.8 132000 0.0 0.0
2012 03 16 23 00 0100 36.0 -86.8 1.8 133000 0.0 0.0
2012 03 17 00 00 0100 36.0 -86.8 1.8 115000 0.0 0.0
2012 03 17 01 00 0100 36.0 -86.8 1.8 116000 0.0 0.0
2012 03 17 02 00 0100 36.0 -86.8 1.8 117000 0.0 0.0
2012 03 17 03 00 0100 36.0 -86.8 1.8 118000 0.0 0.0
2012 03 17 04 00 0100 36.0 -86.8 1.8 119000 0.0 0.0
2012 03 17 05 00 0100 36.0 -86.8 1.8 120000 0.0 0.0
2012 03 17 06 00 0100 36.0 -86.8 1.8 121000 0.0 0.0
2012 03 17 07 00 0100 36.0 -86.8 1.8 122000 0.0 0.0
2012 03 17 08 00 0100 36.0 -86.8 1.8 123000 0.0 0.0
2012 03 17 09 00 0100 36.0 -86.8 1.8 124000 0.0 0.0
2012 03 17 10 00 0100 36.0 -86.8 1.8 125000 0.0 0.0
2012 03 17 11 00 0100 36.0 -86.8 1.8 126000 0.0 0.0
2012 03 17 12 00 0100 36.0 -86.8 1.8 127000 0.0 0.0
2012 03 17 13 00 0100 36.0 -86.8 1.8 128000 0.0 0.0
2012 03 17 14 00 0100 36.0 -86.8 1.8 129000 0.0 0.0
2012 03 17 15 00 0100 36.0 -86.8 1.8 130000 0.0 0.0
2012 03 17 16 00 0100 36.0 -86.8 1.8 131000 0.0 0.0
2012 03 17 17 00 0100 36.0 -86.8 1.8 132000 0.0 0.0
2012 03 17 18 00 0100 36.0 -86.8 1.8 133000 0.0 0.0
2012 03 17 19 00 0100 36.0 -86.8 1.8 134000 0.0 0.0
2012 03 17 20 00 0100 36.0 -86.8 1.8 135000 0.0 0.0
2012 03 17 21 00 0100 36.0 -86.8 1.8 136000 0.0 0.0
2012 03 17 22 00 0100 36.0 -86.8 1.8 137000 0.0 0.0
2012 03 17 23 00 0100 36.0 -86.8 1.8 138000 0.0 0.0
2012 03 18 00 00 0100 36.0 -86.8 1.8 120000 0.0 0.0
2012 03 18 01 00 0100 36.0 -86.8 1.8 121000 0.0 0.0
2012 03 18 02 00 0100 36.0 -86.8 1.8 122000 0.0 0.0
2012 03 18 03 00 0100 36.0 -86.8 1.8 123000 0.0 0.0
2012 03 18 04 00 0100 36.0 -86.8 1.8 124000 0.0 0.0
2012 03 18 05 00 0100 36.0 -86.8 1.8 125000 0.0 0.0
2012 03 18 06 00 0100 36.0 -86.8 1.8 126000 0.0 0.0
2012 03 18 07 00 0100 36.0 -86.8 1.8 127000 0.0 0.0
2012 03 18 08 00 0100 36.0 -86.8 1.8 128000 0.0 0.0
2012 03 18 09 00 0100 36.0 -86.8 1.8 129000 0.0 0.0
2012 03 18 10 00 0100 36.0 -86.8 1.8 130000 0.0 0.0
2012 03 18 11 00 0100 36.0 -86.8 1.8 131000 0.0 0.0
2012 03 18 12 00 0100 36.0 -86.8 1.8 132000 0.0 0.0
2012 03 18 13 00 0100 36.0 -86.8 1.8 133000 0.0 0.0
2012 03 18 14 00 0100 36.0 -86.8 1.8 134000 0.0 0.0
2012 03 18 15 00 0100 36.0 -86.8 1.8 135000 0.0 0.0
2012 03 18 16 00 0100 36.0 -86.8 1.8 136000 0.0 0.0
2012 03 18 17 00 0100 36.0 -86.8 1.8 137000 0.0 0.0
2012 03 18 18 00 0100 36.0 -86.8 1.8 138000 0.0 0.0
2012 03 18 19 00 0100 36.0 -86.8 1.8 139000 0.0 0.0
2012 03 18 20 00 0100 36.0 -86.8 1.8 140000 0.0 0.0
2012 03 18 21 00 0100 36.0 -86.8 1.8 141000 0.0 0.0
2012 03 18 22 00 0100 36.0 -86.8 1.8 142000 0.0 0.0
2012 03 18 23 00 0100 36.0 -86.8 1.8 143000 0.0 0.0
2012 03 19 00 00 0100 36.0 -86.8 1.8 125000 0.0 0.0
2012 03 19 01 00 0100 36.0 -86.8 1.8 126000 0.0 0.0
2012 03 19 02 00 0100 36.0 -86.8 1.8 127000 0.0 0.0
2012 03 19 03 00 0100 36.0 -86.8 1.8 128000 0.0 0.0
2012 03 19 04 00 0100 36.0 -86.8 1.8 129000 0.0 0.0
2012 03 19 05 00 0100 36.0 -86.8 1.8 130000 0.0 0.0
2012 03 19 06 00 0100 36.0 -86.8 1.8 131000 0.0 0.0
2012 03 19 07 00 0100 36.0 -86.8 1.8 132000 0.0 0.0
2012 03 19 08 00 0100 36.0 -86.8 1.8 133000 0.0 0.0
2012 03 19 09 00 0100 36.0 -86.8 1.8 134000 0.0 0.0
2012 03 19 10 00 0100 36.0 -86.8 1.8 135000 0.0 0.0
2012 03 19 11 00 0100 36.0 -86.8 1.8 136000 0.0 0.0
2012 03 19 12 00 0100 36.0 -86.8 1.8 137000 0.0 0.0
2012 03 19 13 00 0100 36.0 -86.8 1.8 138000 0.0 0.0
2012 03 19 14 00 0100 36.0 -86.8 1.8 139000 0.0 0.0
2012 03 19 15 00 0100 36.0 -86.8 1.8 140000 0.0 0.0
2012 03 19 16 00 0100 36.0 -86.8 1.8 141000 0.0 0.0
2012 03 19 17 00 0100 36.0 -86.8 1.8 142000 0.0 0.0
2012 03 19 18 00 0100 36.0 -86.8 1.8 143000 0.0 0.0
2012 03 19 19 00 0100 36.0 -86.8 1.8 144000 0.0 0.0
2012 03 19 20 00 0100 36.0 -86.8 1.8 145000 0.0 0.0
2012 03 19 21 00 0100 36.0 -86.8 1.8 146000 0.0 0.0
2012 03 19 22 00 0100 36.0 -86.8 1.8 147000 0.0 0.0
2012 03 19 23 00 0100 36.0 -86.8 1.8 148000 0.0 0.0
2012 03 20 00 00 0100 36.0 -86.8 1.8 130000 0.0 0.0
2012 03 20 01 00 0100 36.0 -86.8 1.8 131000 0.0 0.0
2012 03 20 02 00 0100 36.0 -86.8 1.8 132000 0.0 0.0
2012 03 20 03 00 0100 36.0 -86.8 1.8 133000 0.0 0.0
2012 03 20 04 00 0100 36.0 -86.8 1.8 134000 0.0 0.0
2012 03 20 05 00 0100 36.0 -86.8 1.8 135000 0.0 0.0
2012 03 20 06 00 0100 36.0 -86.8 1.8 136000 0.0 0.0
2012 03 20 07 00 0100 36.0 -86.8 1.8 137000 0.0 0.0
2012 03 20 08 00 0100 36.0 -86.8 1.8 138000 0.0 0.0
2012 03 20 09 00 0100 36.0 -86.8 1.8 139000 0.0 0.0
2012 03 20 10 00 0100 36.0 -86.8 1.8 140000 0.0 0.0
2012 03 20 11 00 0100 36.0 -86.8 1.8 141000 0.0 0.0
2012 03 20 12 00 0100 36.0 -86.8 1.8 142000 0.0 0.0
2012 03 20 13 00 0100 36.0 -86.8 1.8 143000 0.0 0.0
2012 03 20 14 00 0100 36.0 -86.8 1.8 144000 0.0 0.0
2012 03 20 15 00 0100 36.0 -86.8 1.8 145000 0.0 0.0
2012 03 20 16 00 0100 36.0 -86.8 1.8 146000 0.0 0.0
2012 03 20 17 00 0100 36.0 -86.8 1.8 147000 0.0 0.0
2012 03 20 18 00 0100 36.0 -86.8 1.8 148000 0.0 0.0
2012 03 20 19 00 0100 36.0 -86.8 1.8 149000 0.0 0.0
2012 03 20 20 00 0100 36.0 -86.8 1.8 150000 0.0 0.0
2012 03 20 21 00 0100 36.0 -86.8 1.8 151000 0.0 0.0
2012 03 20 22 00 0100 36.0 -86.8 1.8 152000 0.0 0.0
2012 03 20 23 00 0100 36.0 -86.8 1.8 153000 0.0 0.0
2012 03 21 00 00 0100 36.0 -86.8 1.8 135000 0.0 0.0
2012 03 21 01 00 0100 36.0 -86.8 1.8 136000 0.0 0.0
2012 03 21 02 00 0100 36.0 -86.8 1.8 137000 0.0 0.0
2012 03 21 03 00 0100 36.0 -86.8 1.8 138000 0.0 0.0
2012 03 21 04 00 0100 36.0 -86.8 1.8 139000 0.0 0.0
2012 03 21 05 00 0100 36.0 -86.8 1.8 140000 0.0 0.0
2012 03 21 06 00 0100 36.0 -86.8 1.8 141000 0.0 0.0
2012 03 21 07 00 0100 36.0 -86.8 1.8 142000 0.0 0.0
2012 03 21 08 00 0100 36.0 -86.8 1.8 143000 0.0 0.0
2012 03 21 09 00 0100 36.0 -86.8 1.8 144000 0.0 0.0
2012 03 21 10 00 0100 36.0 -86.8 1.8 145000 0.0 0.0
2012 03 21 11 00 0100 36.0 -86.8 1.8 146000 0.0 0.0
2012 03 21 12 00 0100 36.0 -86.8 1.8 147000 0.0 0.0
2012 03 21 13 00 0100 36.0 -86.8 1.8 148000 0.0 0.0
2012 03 21 14 00 0100 36.0 -86.8 1.8 149000 0.0 0.0
2012 03 21 15 00 0100 36.0 -86.8 1.8 150000 0.0 0.0
2012 03 21 16 00 0100 36.0 -86.8 1.8 151000 0.0 0.0
2012 03 21 17 00 0100 36.0 -86.8 1.8 152000 0.0 0.0
2012 03 21 18 00 0100 36.0 -86.8 1.8 153000 0.0 0.0
2012 03 21 19 00 0100 36.0 -86.8 1.8 154000 0.0 0.0
2012 03 21 20 00 0100 36.0 -86.8 1.8 155000 0.0 0.0
2012 03 21 21 00 0100 36.0 -86.8 1.8 156000 0.0 0.0
2012 03 21 22 00 0100 36.0 -86.8 1.8 157000 0.0 0.0
2012 03 21 23 00 0100 36.0 -86.8 1.8 158000 0.0 0.0
2012 03 22 00 00 0100 36.0 -86.8 1.8 140000 0.0 0.0
2012 03 22 01 00 0100 36.0 -86.8 1.8 141000 0.0 0.0
2012 03 22 02 00 0100 36.0 -86.8 1.8 142000 0.0 0.0
2012 03 22 03 00 0100 36.0 -86.8 1.8 143000 0.0 0.0
2012 03 22 04 00 0100 36.0 -86.8 1.8 144000 0.0 0.0
2012 03 22 05 00 0100 36.0 -86.8 1.8 145000 0.0 0.0
2012 03 22 06 00 0100 36.0 -86.8 1.8 146000 0.0 0.0
2012 03 22 07 00 0100 36.0 -86.8 1.8 147000 0.0 0.0
2012 03 22 08 00 0100 36.0 -86.8 1.8 148000 0.0 0.0
2012 03 22 09 00 0100 36.0 -86.8 1.8 149000 0.0 0.0
2012 03 22 10 00 0100 36.0 -86.8 1.8 150000 0.0 0.0
2012 03 22 11 00 0100 36.0 -86.8 1.8 151000 0.0 0.0
2012 03 22 12 00 0100 36.0 -86.8 1.8 152000 0.0 0.0
2012 03 22 13 00 0100 36.0 -86.8 1.8 153000 0.0 0.0
2012 03 22 14 00 0100 36.0 -86.8 1.8 154000 0.0 0.0
2012 03 22 15 00 0100 36.0 -86.8 1.8 155000 0.0 0.0
2012 03 22 16 00 0100 36.0 -86.8 1.8 156000 0.0 0.0
2012 03 22 17 00 0100 36.0 -86.8 1.8 157000 0.0 0.0
2012 03 22 18 00 0100 36.0 -86.8 1.8 158000 0.0 0.0
2012 03 22 19 00 0100 36.0 -86.8 1.8 159000 0.0 0.0
2012 03 22 20 00 0100 36.0 -86.8 1.8 160000 0.0 0.0
2012 03 22 21 00 0100 36.0 -86.8 1.8 161000 0.0 0.0
2012 03 22 22 00 0100 36.0 -86.8 1.8 162000 0.0 0.0
2012 03 22 23 00 0100 36.0 -86.8 1.8 163000 0.0 0.0
2012 03 23 00 00 0100 36.0 -86.8 1.8 145000 0.0 0.0
2012 03 23 01 00 0100 36.0 -86.8 1.8 146000 0.0 0.0
2012 03 23 02 00 0100 36.0 -86.8 1.8 147000 0.0 0.0
2012 03 23 03 00 0100 36.0 -86.8 1.8 148000 0.0 0.0
2012 03 23 04 00 0100 36.0 -86.8 1.8 149000 0.0 0.0
2012 03 23 05 00 0100 36.0 -86.8 1.8 150000 0.0 0.0
2012 03 23 06 00 0100 36.0 -86.8 1.8 151000 0.0 0.0
2012 03 23 07 00 0100 36.0 -86.8 1.8 152000 0.0 0.0
2012 03 23 08 00 0100 36.0 -86.8 1.8 153000 0.0 0.0
2012 03 23 09 00 0100 36.0 -86.8 1.8 154000 0.0 0.0
2012 03 23 10 00 0100 36.0 -86.8 1.8 155000 0.0 0.0
2012 03 23 11 00 0100 36.0 -86.8 1.8 156000 0.0 0.0
2012 03 23 12 00 0100 36.0 -86.8 1.8 157000 0.0 0.0
2012 03 23 13 00 0100 36.0 -86.8 1.8 158000 0.0 0.0
2012 03 23 14 00 0100 36.0 -86.8 1.8 159000 0.0 0.0
2012 03 23 15 00 0100 36.0 -86.8 1.8 160000 0.0 0.0
2012 03 23 16 00 0100 36.0 -86.8 1.8 161000 0.0 0.0
2012 03 23 17 00 0100 36.0 -86.8 1.8 162000 0.0 0.0
2012 03 23 18 00 0100 36.0 -86.8 1.8 163000 0.0 0.0
2012 03 23 19 00 0100 36.0 -86.8 1.8 164000 0.0 0.0
2012 03 23 20 00 0100 36.0 -86.8 1.8 165000 0.0 0.0
2012 03 23 21 00 0100 36.0 -86.8 1.8 166000 0.0 0.0
2012 03 23 22 00 0100 36.0 -86.8 1.8 167000 0.0 0.0
2012 03 23 23 00 0100 36.0 -86.8 1.8 168000 0.0 0.0
2012 03 24 00 00 0100 36.0 -86.8 1.8 150000 0.0 0.0
2012 03 24 01 00 0100 36.0 -86.8 1.8 151000 0.0 0.0
2012 03 24 02 00 0100 36.0 -86.8 1.8 152000 0.0 0.0
2012 03 24 03 00 0100 36.0 -86.8 1.8 153000 0.0 0.0
2012 03 24 04 00 0100 36.0 -86.8 1.8 154000 0.0 0.0
2012 03 24 05 00 0100 36.0 -86.8 1.8 155000 0.0 0.0
2012 03 24 06 00 0100 36.0 -86.8 1.8 156000 0.0 0.0
2012 03 24 07 00 0100 36.0 -86.8 1.8 157000 0.0 0.0
2012 03 24 08 00 0100 36.0 -86.8 1.8 158000 0.0 0.0
2012 03 24 09 00 0100 36.0 -86.8 1.8 159000 0.0 0.0
2012 03 24 10 00 0100 36.0 -86.8 1.8 160000 0.0 0.0
2012 03 24 11 00 0100 36.0 -86.8 1.8 161000 0.0 0.0
2012 03 24 12 00 0100 36.0 -86.8 1.8 162000 0.0 0.0
2012 03 24 13 00 0100 36.0 -86.8 1.8 163000 0.0 0.0
2012 03 24 14 00 0100 36.0 -86.8 1.8 164000 0.0 0.0
2012 03 24 15 00 0100 36.0 -86.8 1.8 165000 0.0 0.0
2012 03 24 16 00 0100 36.0 -86.8 1.8 166000 0.0 0.0
2012 03 24 17 00 0100 36.0 -86.8 1.8 167000 0.0 0.0
2012 03 24 18 00 0100 36.0 -86.8 1.8 168000 0.0 0.0
2012 03 24 19 00 0100 36.0 -86.8 1.8 169000 0.0 0.0
2012 03 24 20 00 0100 36.0 -86.8 1.8 170000 0.0 0.0
2012 03 24 21 00 0100 36.0 -86.8 1.8 171000 0.0 0.0
2012 03 24 22 00 0100 36.0 -86.8 1.8 172000 0.0 0.0
2012 03 24 23 00 0100 36.0 -86.8 1.8 173000 0.0 0.0
2012 03 25 00 00 0100 36.0 -86.8 1.8 155000 0.0 0.0
2012 03 25 01 00 0100 36.0 -86.8 1.8 156000 0.0 0.0
2012 03 25 02 00 0100 36.0 -86.8 1.8 157000 0.0 0.0
2012 03 25 03 00 0100 36.0 -86.8 1.8 158000 0.0 0.0
2012 03 25 04 00 0100 36.0 -86.8 1.8 159000 0.0 0.0
2012 03 25 05 00 0100 36.0 -86.8 1.8 160000 0.0 0.0
2012 03 25 06 00 0100 36.0 -86.8 1.8 161000 0.0 0.0
2012 03 25 07 00 0100 36.0 -86.8 1.8 162000 0.0 0.0
2012 03 25 08 00 0100 36.0 -86.8 1.8 163000 0.0 0.0
2012 03 25 09 00 0100 36.0 -86.8 1.8 164000 0.0 0.0
2012 03 25 10 00 0100 36.0 -86.8 1.8 165000 0.0 0.0
2012 03 25 11 00 0100 36.0 -86.8 1.8 166000 0.0 0.0
2012 03 25 12 00 0100 36.0 -86.8 1.8 167000 0.0 0.0
2012 03 25 13 00 0100 36.0 -86.8 1.8 168000 0.0 0.0
2012 03 25 14 00 0100 36.0 -86.8 1.8 169000 0.0 0.0
2012 03 25 15 00 0100 36.0 -86.8 1.8 170000 0.0 0.0
2012 03 25 16 00 0100 36.0 -86.8 1.8 171000 0.0 0.0
2012 03 25 17 00 0100 36.0 -86.8 1.8 172000 0.0 0.0
2012 03 25 18 00 0100 36.0 -86.8 1.8 173000 0.0 0.0
2012 03 25 19 00 0100 36.0 -86.8 1.8 174000 0.0 0.0
2012 03 25 20 00 0100 36.0 -86.8 1.8 175000 0.0 0.0
2012 03 25 21 00 0100 36.0 -86.8 1.8 176000 0.0 0.0
2012 03 25 22 00 0100 36.0 -86.8 1.8 177000 0.0 0.0
