DAY HR   LAT     LON     DEP       CON        OUTCROSSING
204 9 36.05 -86.81 0.48E-05 0.0    1.44E-13
204 9 36.06 -86.81 0.14E-05 0.0    4.199999999999999E-14
204 9 36.00 -86.80 0.34E-01 0.0021    1.02E-9
204 9 36.01 -86.80 0.64E-01 0.0013    1.92E-9
204 9 36.02 -86.80 0.23E-01 2.9E-4    6.899999999999999E-10
204 9 36.03 -86.80 0.12E-01 1.4E-4    3.6E-10
204 9 36.04 -86.80 0.63E-02 8.8E-5    1.89E-10
204 9 36.05 -86.80 0.36E-02 3.7E-5    1.0799999999999999E-10
204 9 36.06 -86.80 0.24E-02 3.0E-5    7.199999999999998E-11
204 9 36.07 -86.80 0.14E-02 2.4E-5    4.2E-11
204 9 36.08 -86.80 0.71E-03 1.2E-5    2.13E-11
204 9 36.09 -86.80 0.50E-03 8.1E-6    1.5E-11
204 9 36.10 -86.80 0.24E-03 1.3E-6    7.199999999999999E-12
204 9 36.11 -86.80 0.11E-03 1.3E-6    3.2999999999999997E-12
204 9 36.12 -86.80 0.75E-04 1.6E-6    2.2499999999999995E-12
204 9 36.13 -86.80 0.64E-04 5.3E-7    1.92E-12
204 9 36.14 -86.80 0.35E-04 6.1E-7    1.0499999999999998E-12
204 9 36.15 -86.80 0.26E-04 7.4E-7    7.799999999999999E-13
204 9 36.16 -86.80 0.16E-04 1.7E-7    4.8E-13
204 9 36.17 -86.80 0.11E-04 2.2E-7    3.2999999999999996E-13
204 9 36.18 -86.80 0.66E-05 4.3E-7    1.98E-13
204 9 36.19 -86.80 0.67E-06 0.0    2.01E-14
204 9 36.02 -86.79 0.29E-04 0.0    8.699999999999999E-13
204 9 36.03 -86.79 0.82E-03 1.1E-5    2.4599999999999998E-11
204 9 36.04 -86.79 0.17E-02 2.0E-5    5.099999999999999E-11
204 9 36.05 -86.79 0.23E-02 2.6E-5    6.9E-11
204 9 36.06 -86.79 0.28E-02 2.8E-5    8.4E-11
204 9 36.07 -86.79 0.29E-02 3.5E-5    8.699999999999998E-11
204 9 36.08 -86.79 0.27E-02 3.9E-5    8.099999999999999E-11
204 9 36.09 -86.79 0.22E-02 1.9E-5    6.599999999999999E-11
204 9 36.10 -86.79 0.18E-02 2.3E-5    5.3999999999999994E-11
204 9 36.11 -86.79 0.13E-02 1.5E-5    3.8999999999999995E-11
204 9 36.12 -86.79 0.92E-03 1.1E-5    2.7599999999999997E-11
204 9 36.13 -86.79 0.74E-03 1.1E-5    2.2199999999999998E-11
204 9 36.14 -86.79 0.46E-03 6.7E-6    1.3799999999999999E-11
204 9 36.15 -86.79 0.28E-03 5.0E-6    8.399999999999998E-12
204 9 36.16 -86.79 0.21E-03 2.9E-6    6.2999999999999994E-12
204 9 36.17 -86.79 0.15E-03 2.0E-6    4.499999999999999E-12
204 9 36.18 -86.79 0.11E-03 8.6E-7    3.2999999999999997E-12
204 9 36.19 -86.79 0.72E-04 6.5E-7    2.1599999999999997E-12
204 9 36.20 -86.79 0.52E-04 6.3E-7    1.5599999999999998E-12
204 9 36.21 -86.79 0.45E-04 3.3E-7    1.35E-12
204 9 36.22 -86.79 0.23E-04 0.0    6.9E-13
204 9 36.23 -86.79 0.21E-04 1.6E-6    6.299999999999999E-13
204 9 36.24 -86.79 0.93E-05 4.4E-7    2.7899999999999997E-13
204 9 36.25 -86.79 0.73E-06 0.0    2.1899999999999997E-14
204 9 36.07 -86.78 0.53E-05 0.0    1.5899999999999998E-13
204 9 36.08 -86.78 0.80E-04 0.0    2.4E-12
204 9 36.09 -86.78 0.28E-03 1.5E-6    8.399999999999998E-12
204 9 36.10 -86.78 0.46E-03 4.1E-6    1.3799999999999999E-11
204 9 36.11 -86.78 0.67E-03 1.0E-5    2.01E-11
204 9 36.12 -86.78 0.78E-03 6.3E-6    2.3399999999999998E-11
204 9 36.13 -86.78 0.83E-03 1.1E-5    2.49E-11
204 9 36.14 -86.78 0.72E-03 9.6E-6    2.16E-11
204 9 36.15 -86.78 0.55E-03 2.1E-6    1.6499999999999998E-11
204 9 36.16 -86.78 0.54E-03 8.4E-6    1.62E-11
204 9 36.17 -86.78 0.41E-03 6.3E-6    1.2299999999999999E-11
204 9 36.18 -86.78 0.29E-03 5.1E-6    8.7E-12
204 9 36.19 -86.78 0.22E-03 3.4E-6    6.599999999999999E-12
204 9 36.20 -86.78 0.78E-04 1.4E-6    2.3399999999999997E-12
204 9 36.21 -86.78 0.87E-04 2.9E-7    2.6099999999999996E-12
204 9 36.22 -86.78 0.48E-04 3.4E-7    1.44E-12
204 9 36.23 -86.78 0.23E-04 1.7E-7    6.9E-13
204 9 36.24 -86.78 0.21E-04 0.0    6.299999999999999E-13
204 9 36.25 -86.78 0.10E-04 0.0    3.0E-13
204 9 36.26 -86.78 0.70E-05 0.0    2.1E-13
204 9 36.11 -86.77 0.29E-04 2.5E-6    8.699999999999999E-13
204 9 36.12 -86.77 0.60E-04 6.9E-7    1.7999999999999998E-12
204 9 36.13 -86.77 0.14E-03 6.0E-7    4.199999999999999E-12
204 9 36.14 -86.77 0.18E-03 0.0    5.4E-12
204 9 36.15 -86.77 0.20E-03 6.3E-7    5.9999999999999995E-12
204 9 36.16 -86.77 0.33E-03 3.6E-6    9.9E-12
204 9 36.17 -86.77 0.33E-03 2.7E-6    9.9E-12
204 9 36.18 -86.77 0.32E-03 5.2E-6    9.6E-12
204 9 36.19 -86.77 0.34E-03 3.1E-6    1.02E-11
204 9 36.20 -86.77 0.24E-03 5.5E-6    7.199999999999999E-12
204 9 36.21 -86.77 0.17E-03 1.9E-6    5.1E-12
204 9 36.22 -86.77 0.14E-03 1.4E-6    4.199999999999999E-12
204 9 36.23 -86.77 0.95E-04 2.2E-6    2.8499999999999998E-12
204 9 36.24 -86.77 0.41E-04 4.8E-7    1.2299999999999998E-12
204 9 36.25 -86.77 0.61E-04 0.0    1.8299999999999997E-12
204 9 36.26 -86.77 0.27E-04 3.5E-7    8.099999999999999E-13
204 9 36.27 -86.77 0.23E-04 6.7E-7    6.9E-13
204 9 36.28 -86.77 0.12E-04 0.0    3.6E-13
204 9 36.29 -86.77 0.36E-05 0.0    1.0799999999999998E-13
204 9 36.12 -86.76 0.29E-04 8.2E-7    8.699999999999999E-13
204 9 36.13 -86.76 0.65E-04 7.5E-7    1.9499999999999996E-12
204 9 36.14 -86.76 0.14E-03 6.2E-7    4.199999999999999E-12
204 9 36.15 -86.76 0.20E-03 2.6E-6    5.9999999999999995E-12
204 9 36.16 -86.76 0.20E-03 3.3E-6    5.9999999999999995E-12
204 9 36.17 -86.76 0.26E-03 4.3E-6    7.799999999999998E-12
204 9 36.18 -86.76 0.30E-03 3.6E-6    8.999999999999998E-12
204 9 36.19 -86.76 0.30E-03 5.9E-6    8.999999999999998E-12
204 9 36.20 -86.76 0.26E-03 4.3E-6    7.799999999999998E-12
204 9 36.21 -86.76 0.27E-03 8.1E-6    8.1E-12
204 9 36.22 -86.76 0.22E-03 4.9E-6    6.599999999999999E-12
204 9 36.23 -86.76 0.15E-03 1.6E-6    4.499999999999999E-12
204 9 36.24 -86.76 0.13E-03 1.0E-6    3.899999999999999E-12
204 9 36.25 -86.76 0.53E-04 8.7E-7    1.5899999999999999E-12
204 9 36.26 -86.76 0.26E-04 6.9E-7    7.799999999999999E-13
204 9 36.27 -86.76 0.22E-04 1.4E-7    6.599999999999999E-13
204 9 36.28 -86.76 0.37E-05 0.0    1.11E-13
204 9 36.30 -86.76 0.18E-05 0.0    5.399999999999999E-14
204 9 36.31 -86.76 0.48E-05 0.0    1.44E-13
204 9 36.14 -86.75 0.16E-04 0.0    4.8E-13
204 9 36.15 -86.75 0.57E-04 8.6E-7    1.71E-12
204 9 36.16 -86.75 0.66E-04 2.3E-6    1.98E-12
204 9 36.17 -86.75 0.13E-03 1.6E-6    3.899999999999999E-12
204 9 36.18 -86.75 0.17E-03 1.3E-6    5.1E-12
204 9 36.19 -86.75 0.18E-03 1.1E-6    5.4E-12
204 9 36.20 -86.75 0.18E-03 1.5E-6    5.4E-12
204 9 36.21 -86.75 0.18E-03 1.7E-6    5.4E-12
204 9 36.22 -86.75 0.21E-03 3.8E-6    6.2999999999999994E-12
204 9 36.23 -86.75 0.23E-03 7.4E-7    6.899999999999999E-12
204 9 36.24 -86.75 0.19E-03 0.0    5.6999999999999995E-12
204 9 36.25 -86.75 0.13E-03 1.5E-6    3.899999999999999E-12
204 9 36.26 -86.75 0.94E-04 4.0E-7    2.8199999999999997E-12
204 9 36.27 -86.75 0.71E-04 5.8E-7    2.13E-12
204 9 36.28 -86.75 0.15E-04 0.0    4.4999999999999995E-13
204 9 36.16 -86.74 0.41E-05 0.0    1.2299999999999998E-13
204 9 36.17 -86.74 0.25E-04 1.7E-6    7.499999999999999E-13
204 9 36.18 -86.74 0.13E-04 7.5E-7    3.8999999999999995E-13
204 9 36.20 -86.74 0.99E-04 7.5E-7    2.9699999999999997E-12
204 9 36.21 -86.74 0.15E-03 3.7E-6    4.499999999999999E-12
204 9 36.22 -86.74 0.17E-03 2.1E-6    5.1E-12
204 9 36.23 -86.74 0.16E-03 3.4E-6    4.8E-12
204 9 36.24 -86.74 0.90E-04 0.0    2.7E-12
204 9 36.25 -86.74 0.11E-03 2.3E-6    3.2999999999999997E-12
204 9 36.26 -86.74 0.82E-04 1.8E-6    2.4599999999999996E-12
204 9 36.27 -86.74 0.83E-04 0.0    2.4899999999999997E-12
204 9 36.28 -86.74 0.63E-04 7.9E-7    1.89E-12
204 9 36.29 -86.74 0.51E-04 0.0    1.53E-12
204 9 36.30 -86.74 0.11E-04 0.0    3.2999999999999996E-13
204 9 36.20 -86.73 0.92E-05 0.0    2.76E-13
204 9 36.21 -86.73 0.83E-04 0.0    2.4899999999999997E-12
204 9 36.22 -86.73 0.92E-04 2.1E-6    2.76E-12
204 9 36.23 -86.73 0.14E-03 3.1E-6    4.199999999999999E-12
204 9 36.24 -86.73 0.10E-03 2.8E-6    2.9999999999999997E-12
204 9 36.25 -86.73 0.12E-03 2.4E-6    3.5999999999999996E-12
204 9 36.26 -86.73 0.94E-04 1.7E-6    2.8199999999999997E-12
204 9 36.27 -86.73 0.13E-03 7.6E-7    3.899999999999999E-12
204 9 36.28 -86.73 0.65E-04 1.1E-6    1.9499999999999996E-12
204 9 36.29 -86.73 0.17E-04 0.0    5.099999999999999E-13
204 9 36.30 -86.73 0.67E-05 1.8E-7    2.0099999999999998E-13
204 9 36.31 -86.73 0.25E-05 0.0    7.5E-14
204 9 36.32 -86.73 0.17E-04 1.2E-6    5.099999999999999E-13
204 9 36.33 -86.73 0.60E-05 5.3E-7    1.8E-13
204 9 36.21 -86.72 0.43E-05 0.0    1.29E-13
204 9 36.22 -86.72 0.36E-04 8.2E-7    1.0799999999999998E-12
204 9 36.23 -86.72 0.28E-04 0.0    8.4E-13
204 9 36.24 -86.72 0.48E-04 1.5E-6    1.44E-12
204 9 36.25 -86.72 0.40E-04 7.8E-7    1.2E-12
204 9 36.26 -86.72 0.40E-04 1.8E-6    1.2E-12
204 9 36.27 -86.72 0.93E-04 6.0E-7    2.7899999999999996E-12
204 9 36.28 -86.72 0.84E-04 9.0E-7    2.5199999999999998E-12
204 9 36.29 -86.72 0.51E-04 1.1E-6    1.53E-12
204 9 36.30 -86.72 0.29E-04 6.3E-7    8.699999999999999E-13
204 9 36.31 -86.72 0.10E-04 4.7E-7    3.0E-13
204 9 36.32 -86.72 0.16E-04 0.0    4.8E-13
204 9 36.33 -86.72 0.13E-04 0.0    3.8999999999999995E-13
204 9 36.34 -86.72 0.22E-05 0.0    6.6E-14
204 9 36.22 -86.71 0.26E-04 0.0    7.799999999999999E-13
204 9 36.23 -86.71 0.24E-04 0.0    7.2E-13
204 9 36.24 -86.71 0.54E-04 1.0E-6    1.6199999999999998E-12
204 9 36.25 -86.71 0.75E-05 0.0    2.2499999999999998E-13
204 9 36.26 -86.71 0.14E-04 1.2E-6    4.2E-13
204 9 36.27 -86.71 0.56E-04 5.4E-7    1.68E-12
204 9 36.28 -86.71 0.31E-04 3.4E-7    9.299999999999999E-13
204 9 36.29 -86.71 0.55E-04 0.0    1.6499999999999998E-12
204 9 36.30 -86.71 0.57E-04 0.0    1.71E-12
204 9 36.31 -86.71 0.26E-04 1.6E-6    7.799999999999999E-13
204 9 36.32 -86.71 0.11E-04 3.4E-7    3.2999999999999996E-13
204 9 36.33 -86.71 0.35E-05 0.0    1.05E-13
204 9 36.34 -86.71 0.16E-04 7.3E-7    4.8E-13
204 9 36.36 -86.71 0.26E-05 0.0    7.8E-14
204 9 36.23 -86.70 0.46E-05 7.8E-7    1.38E-13
204 9 36.26 -86.70 0.17E-04 0.0    5.099999999999999E-13
204 9 36.27 -86.70 0.14E-04 0.0    4.2E-13
204 9 36.28 -86.70 0.31E-05 0.0    9.3E-14
204 9 36.30 -86.70 0.11E-04 0.0    3.2999999999999996E-13
204 9 36.31 -86.70 0.15E-04 1.7E-7    4.4999999999999995E-13
204 9 36.32 -86.70 0.10E-04 0.0    3.0E-13
204 9 36.28 -86.69 0.19E-04 0.0    5.7E-13
204 9 36.29 -86.69 0.65E-05 0.0    1.9499999999999998E-13
204 9 36.31 -86.69 0.31E-04 0.0    9.299999999999999E-13
204 9 36.32 -86.69 0.16E-04 0.0    4.8E-13
204 9 36.33 -86.69 0.10E-04 0.0    3.0E-13
204 9 36.34 -86.69 0.72E-05 4.3E-7    2.1599999999999996E-13
204 9 36.29 -86.68 0.19E-04 0.0    5.7E-13
204 9 36.30 -86.68 0.58E-05 0.0    1.74E-13
204 9 36.31 -86.68 0.25E-04 0.0    7.499999999999999E-13
204 9 36.32 -86.68 0.31E-04 0.0    9.299999999999999E-13
204 9 36.33 -86.68 0.65E-05 0.0    1.9499999999999998E-13
204 9 36.35 -86.68 0.23E-04 0.0    6.9E-13
204 9 36.29 -86.67 0.10E-04 0.0    3.0E-13
204 9 36.30 -86.67 0.25E-04 0.0    7.499999999999999E-13
204 9 36.33 -86.67 0.20E-05 0.0    6.0E-14
204 9 36.36 -86.67 0.18E-04 8.2E-7    5.399999999999999E-13
204 9 36.33 -86.65 0.22E-04 0.0    6.599999999999999E-13
204 9 36.34 -86.65 0.41E-05 0.0    1.2299999999999998E-13
