DAY HR   LAT     LON     DEP       CON        OUTCROSSING
204 9 36.04 -86.81 0.67E-06 0.0    2.01E-14
204 9 36.05 -86.81 0.14E-05 0.0    4.199999999999999E-14
204 9 36.06 -86.81 0.20E-05 1.2E-7    6.0E-14
204 9 36.07 -86.81 0.39E-05 4.1E-8    1.1699999999999998E-13
204 9 36.08 -86.81 0.33E-05 1.2E-7    9.9E-14
204 9 36.09 -86.81 0.26E-05 1.0E-7    7.8E-14
204 9 36.10 -86.81 0.12E-05 0.0    3.6E-14
204 9 36.11 -86.81 0.19E-05 1.6E-8    5.7E-14
204 9 36.12 -86.81 0.30E-05 3.3E-8    9.0E-14
204 9 36.13 -86.81 0.28E-05 6.0E-8    8.399999999999998E-14
204 9 36.14 -86.81 0.18E-05 6.3E-9    5.399999999999999E-14
204 9 36.15 -86.81 0.14E-05 8.0E-9    4.199999999999999E-14
204 9 36.16 -86.81 0.16E-05 1.0E-8    4.799999999999999E-14
204 9 36.17 -86.81 0.11E-05 1.2E-8    3.3E-14
204 9 36.18 -86.81 0.70E-06 7.7E-9    2.0999999999999996E-14
204 9 36.19 -86.81 0.47E-06 0.0    1.4099999999999998E-14
204 9 36.20 -86.81 0.29E-06 9.3E-9    8.699999999999999E-15
204 9 36.21 -86.81 0.73E-07 0.0    2.19E-15
204 9 36.00 -86.80 0.34E-01 0.0021    1.02E-9
204 9 36.01 -86.80 0.64E-01 0.0013    1.92E-9
204 9 36.02 -86.80 0.23E-01 3.5E-4    6.899999999999999E-10
204 9 36.03 -86.80 0.12E-01 1.5E-4    3.6E-10
204 9 36.04 -86.80 0.67E-02 8.7E-5    2.0099999999999998E-10
204 9 36.05 -86.80 0.38E-02 5.0E-5    1.14E-10
204 9 36.06 -86.80 0.22E-02 2.9E-5    6.599999999999999E-11
204 9 36.07 -86.80 0.13E-02 1.7E-5    3.8999999999999995E-11
204 9 36.08 -86.80 0.78E-03 9.4E-6    2.3399999999999998E-11
204 9 36.09 -86.80 0.46E-03 6.8E-6    1.3799999999999999E-11
204 9 36.10 -86.80 0.28E-03 4.1E-6    8.399999999999998E-12
204 9 36.11 -86.80 0.18E-03 3.6E-6    5.4E-12
204 9 36.12 -86.80 0.11E-03 1.4E-6    3.2999999999999997E-12
204 9 36.13 -86.80 0.77E-04 1.2E-6    2.3099999999999996E-12
204 9 36.14 -86.80 0.54E-04 6.4E-7    1.6199999999999998E-12
204 9 36.15 -86.80 0.36E-04 5.2E-7    1.0799999999999998E-12
204 9 36.16 -86.80 0.22E-04 2.7E-7    6.599999999999999E-13
204 9 36.17 -86.80 0.18E-04 1.6E-7    5.399999999999999E-13
204 9 36.18 -86.80 0.12E-04 2.5E-7    3.6E-13
204 9 36.19 -86.80 0.83E-05 1.4E-7    2.49E-13
204 9 36.20 -86.80 0.58E-05 1.3E-7    1.74E-13
204 9 36.21 -86.80 0.28E-05 2.3E-8    8.399999999999998E-14
204 9 36.22 -86.80 0.17E-05 2.5E-9    5.1E-14
204 9 36.23 -86.80 0.51E-06 2.4E-9    1.53E-14
204 9 36.24 -86.80 0.50E-06 4.0E-9    1.5E-14
204 9 36.25 -86.80 0.22E-06 0.0    6.6E-15
204 9 36.02 -86.79 0.27E-04 4.0E-7    8.099999999999999E-13
204 9 36.03 -86.79 0.96E-03 1.5E-5    2.8799999999999997E-11
204 9 36.04 -86.79 0.16E-02 2.2E-5    4.7999999999999996E-11
204 9 36.05 -86.79 0.23E-02 2.9E-5    6.9E-11
204 9 36.06 -86.79 0.27E-02 3.3E-5    8.099999999999999E-11
204 9 36.07 -86.79 0.28E-02 3.7E-5    8.4E-11
204 9 36.08 -86.79 0.27E-02 3.7E-5    8.099999999999999E-11
204 9 36.09 -86.79 0.24E-02 3.0E-5    7.199999999999998E-11
204 9 36.10 -86.79 0.20E-02 2.5E-5    6.0E-11
204 9 36.11 -86.79 0.15E-02 1.8E-5    4.5E-11
204 9 36.12 -86.79 0.10E-02 1.4E-5    3.0E-11
204 9 36.13 -86.79 0.69E-03 8.3E-6    2.0699999999999997E-11
204 9 36.14 -86.79 0.48E-03 5.7E-6    1.4399999999999998E-11
204 9 36.15 -86.79 0.33E-03 4.4E-6    9.9E-12
204 9 36.16 -86.79 0.23E-03 3.3E-6    6.899999999999999E-12
204 9 36.17 -86.79 0.16E-03 1.8E-6    4.8E-12
204 9 36.18 -86.79 0.12E-03 2.0E-6    3.5999999999999996E-12
204 9 36.19 -86.79 0.78E-04 1.0E-6    2.3399999999999997E-12
204 9 36.20 -86.79 0.44E-04 7.5E-7    1.3199999999999998E-12
204 9 36.21 -86.79 0.24E-04 1.7E-7    7.2E-13
204 9 36.22 -86.79 0.15E-04 1.3E-7    4.4999999999999995E-13
204 9 36.23 -86.79 0.86E-05 1.3E-7    2.58E-13
204 9 36.24 -86.79 0.43E-05 5.3E-8    1.29E-13
204 9 36.25 -86.79 0.24E-05 9.5E-8    7.2E-14
204 9 36.26 -86.79 0.12E-05 0.0    3.6E-14
204 9 36.27 -86.79 0.35E-06 3.6E-9    1.0499999999999998E-14
204 9 36.07 -86.78 0.12E-04 9.1E-8    3.6E-13
204 9 36.08 -86.78 0.80E-04 8.7E-7    2.4E-12
204 9 36.09 -86.78 0.28E-03 2.4E-6    8.399999999999998E-12
204 9 36.10 -86.78 0.50E-03 5.3E-6    1.5E-11
204 9 36.11 -86.78 0.67E-03 6.9E-6    2.01E-11
204 9 36.12 -86.78 0.81E-03 1.1E-5    2.4299999999999996E-11
204 9 36.13 -86.78 0.83E-03 1.1E-5    2.49E-11
204 9 36.14 -86.78 0.74E-03 8.9E-6    2.2199999999999998E-11
204 9 36.15 -86.78 0.61E-03 7.3E-6    1.8299999999999998E-11
204 9 36.16 -86.78 0.48E-03 5.0E-6    1.4399999999999998E-11
204 9 36.17 -86.78 0.38E-03 4.5E-6    1.1399999999999999E-11
204 9 36.18 -86.78 0.27E-03 3.4E-6    8.1E-12
204 9 36.19 -86.78 0.20E-03 2.7E-6    5.9999999999999995E-12
204 9 36.20 -86.78 0.13E-03 1.4E-6    3.899999999999999E-12
204 9 36.21 -86.78 0.87E-04 6.5E-7    2.6099999999999996E-12
204 9 36.22 -86.78 0.54E-04 4.0E-7    1.6199999999999998E-12
204 9 36.23 -86.78 0.37E-04 6.4E-7    1.11E-12
204 9 36.24 -86.78 0.21E-04 2.8E-7    6.299999999999999E-13
204 9 36.25 -86.78 0.87E-05 1.4E-7    2.6099999999999995E-13
204 9 36.26 -86.78 0.24E-05 4.5E-8    7.2E-14
204 9 36.27 -86.78 0.25E-05 2.3E-8    7.5E-14
204 9 36.28 -86.78 0.11E-05 5.3E-9    3.3E-14
204 9 36.09 -86.77 0.26E-05 0.0    7.8E-14
204 9 36.10 -86.77 0.15E-04 2.2E-7    4.4999999999999995E-13
204 9 36.11 -86.77 0.76E-04 9.8E-7    2.28E-12
204 9 36.12 -86.77 0.20E-03 1.5E-6    5.9999999999999995E-12
204 9 36.13 -86.77 0.33E-03 3.6E-6    9.9E-12
204 9 36.14 -86.77 0.40E-03 3.4E-6    1.1999999999999999E-11
204 9 36.15 -86.77 0.39E-03 5.0E-6    1.1699999999999999E-11
204 9 36.16 -86.77 0.38E-03 4.4E-6    1.1399999999999999E-11
204 9 36.17 -86.77 0.38E-03 4.7E-6    1.1399999999999999E-11
204 9 36.18 -86.77 0.34E-03 4.6E-6    1.02E-11
204 9 36.19 -86.77 0.33E-03 3.5E-6    9.9E-12
204 9 36.20 -86.77 0.28E-03 3.4E-6    8.399999999999998E-12
204 9 36.21 -86.77 0.19E-03 2.9E-6    5.6999999999999995E-12
204 9 36.22 -86.77 0.14E-03 2.1E-6    4.199999999999999E-12
204 9 36.23 -86.77 0.94E-04 1.4E-6    2.8199999999999997E-12
204 9 36.24 -86.77 0.54E-04 3.6E-7    1.6199999999999998E-12
204 9 36.25 -86.77 0.30E-04 4.1E-7    8.999999999999999E-13
204 9 36.26 -86.77 0.22E-04 1.1E-7    6.599999999999999E-13
204 9 36.27 -86.77 0.96E-05 1.6E-7    2.88E-13
204 9 36.28 -86.77 0.30E-05 6.5E-8    9.0E-14
204 9 36.29 -86.77 0.24E-05 0.0    7.2E-14
204 9 36.11 -86.76 0.16E-05 0.0    4.799999999999999E-14
204 9 36.12 -86.76 0.19E-04 2.2E-7    5.7E-13
204 9 36.13 -86.76 0.48E-04 4.5E-7    1.44E-12
204 9 36.14 -86.76 0.11E-03 5.9E-7    3.2999999999999997E-12
204 9 36.15 -86.76 0.19E-03 2.1E-6    5.6999999999999995E-12
204 9 36.16 -86.76 0.22E-03 2.9E-6    6.599999999999999E-12
204 9 36.17 -86.76 0.25E-03 3.1E-6    7.5E-12
204 9 36.18 -86.76 0.26E-03 3.3E-6    7.799999999999998E-12
204 9 36.19 -86.76 0.26E-03 3.8E-6    7.799999999999998E-12
204 9 36.20 -86.76 0.24E-03 3.4E-6    7.199999999999999E-12
204 9 36.21 -86.76 0.20E-03 2.0E-6    5.9999999999999995E-12
204 9 36.22 -86.76 0.19E-03 2.2E-6    5.6999999999999995E-12
204 9 36.23 -86.76 0.14E-03 2.4E-6    4.199999999999999E-12
204 9 36.24 -86.76 0.11E-03 1.5E-6    3.2999999999999997E-12
204 9 36.25 -86.76 0.79E-04 1.2E-6    2.3699999999999998E-12
204 9 36.26 -86.76 0.58E-04 8.1E-7    1.7399999999999999E-12
204 9 36.27 -86.76 0.38E-04 5.8E-7    1.14E-12
204 9 36.28 -86.76 0.14E-04 1.8E-7    4.2E-13
204 9 36.29 -86.76 0.26E-05 8.1E-8    7.8E-14
204 9 36.30 -86.76 0.10E-06 0.0    2.9999999999999994E-15
204 9 36.31 -86.76 0.14E-06 0.0    4.2E-15
204 9 36.13 -86.75 0.29E-05 0.0    8.7E-14
204 9 36.14 -86.75 0.25E-04 5.2E-7    7.499999999999999E-13
204 9 36.15 -86.75 0.38E-04 3.6E-7    1.14E-12
204 9 36.16 -86.75 0.66E-04 7.3E-7    1.98E-12
204 9 36.17 -86.75 0.14E-03 1.5E-6    4.199999999999999E-12
204 9 36.18 -86.75 0.18E-03 2.4E-6    5.4E-12
204 9 36.19 -86.75 0.21E-03 2.0E-6    6.2999999999999994E-12
204 9 36.20 -86.75 0.23E-03 2.5E-6    6.899999999999999E-12
204 9 36.21 -86.75 0.18E-03 2.0E-6    5.4E-12
204 9 36.22 -86.75 0.17E-03 1.8E-6    5.1E-12
204 9 36.23 -86.75 0.15E-03 1.6E-6    4.499999999999999E-12
204 9 36.24 -86.75 0.13E-03 1.5E-6    3.899999999999999E-12
204 9 36.25 -86.75 0.10E-03 1.1E-6    2.9999999999999997E-12
204 9 36.26 -86.75 0.85E-04 6.2E-7    2.55E-12
204 9 36.27 -86.75 0.69E-04 6.7E-7    2.07E-12
204 9 36.28 -86.75 0.32E-04 3.1E-7    9.6E-13
204 9 36.29 -86.75 0.17E-04 8.2E-8    5.099999999999999E-13
204 9 36.30 -86.75 0.86E-05 1.2E-7    2.58E-13
204 9 36.31 -86.75 0.20E-05 0.0    6.0E-14
204 9 36.32 -86.75 0.65E-06 0.0    1.95E-14
204 9 36.14 -86.74 0.42E-06 0.0    1.26E-14
204 9 36.15 -86.74 0.16E-05 0.0    4.799999999999999E-14
204 9 36.16 -86.74 0.23E-05 0.0    6.9E-14
204 9 36.17 -86.74 0.80E-05 8.7E-8    2.4E-13
204 9 36.18 -86.74 0.51E-04 3.3E-7    1.53E-12
204 9 36.19 -86.74 0.71E-04 1.1E-6    2.13E-12
204 9 36.20 -86.74 0.11E-03 1.5E-6    3.2999999999999997E-12
204 9 36.21 -86.74 0.10E-03 1.0E-6    2.9999999999999997E-12
204 9 36.22 -86.74 0.11E-03 1.2E-6    3.2999999999999997E-12
204 9 36.23 -86.74 0.12E-03 1.6E-6    3.5999999999999996E-12
204 9 36.24 -86.74 0.10E-03 1.7E-6    2.9999999999999997E-12
204 9 36.25 -86.74 0.12E-03 1.6E-6    3.5999999999999996E-12
204 9 36.26 -86.74 0.90E-04 1.8E-6    2.7E-12
204 9 36.27 -86.74 0.67E-04 7.6E-7    2.0099999999999997E-12
204 9 36.28 -86.74 0.49E-04 8.5E-7    1.4699999999999998E-12
204 9 36.29 -86.74 0.30E-04 7.5E-7    8.999999999999999E-13
204 9 36.30 -86.74 0.13E-04 2.5E-7    3.8999999999999995E-13
204 9 36.31 -86.74 0.37E-05 0.0    1.11E-13
204 9 36.32 -86.74 0.12E-05 0.0    3.6E-14
204 9 36.17 -86.73 0.44E-06 0.0    1.32E-14
204 9 36.18 -86.73 0.31E-05 0.0    9.3E-14
204 9 36.19 -86.73 0.17E-04 1.4E-7    5.099999999999999E-13
204 9 36.20 -86.73 0.45E-04 3.0E-7    1.35E-12
204 9 36.21 -86.73 0.57E-04 8.5E-7    1.71E-12
204 9 36.22 -86.73 0.74E-04 7.5E-7    2.22E-12
204 9 36.23 -86.73 0.10E-03 1.1E-6    2.9999999999999997E-12
204 9 36.24 -86.73 0.11E-03 1.2E-6    3.2999999999999997E-12
204 9 36.25 -86.73 0.87E-04 8.7E-7    2.6099999999999996E-12
204 9 36.26 -86.73 0.96E-04 1.2E-6    2.88E-12
204 9 36.27 -86.73 0.82E-04 1.5E-6    2.4599999999999996E-12
204 9 36.28 -86.73 0.65E-04 1.0E-6    1.9499999999999996E-12
204 9 36.29 -86.73 0.46E-04 4.4E-7    1.38E-12
204 9 36.30 -86.73 0.34E-04 5.9E-7    1.0199999999999999E-12
204 9 36.31 -86.73 0.16E-04 1.4E-7    4.8E-13
204 9 36.32 -86.73 0.36E-05 0.0    1.0799999999999998E-13
204 9 36.33 -86.73 0.23E-06 0.0    6.899999999999999E-15
204 9 36.34 -86.73 0.52E-06 0.0    1.5599999999999998E-14
204 9 36.19 -86.72 0.16E-05 0.0    4.799999999999999E-14
204 9 36.20 -86.72 0.43E-05 0.0    1.29E-13
204 9 36.21 -86.72 0.11E-04 0.0    3.2999999999999996E-13
204 9 36.22 -86.72 0.41E-04 6.5E-7    1.2299999999999998E-12
204 9 36.23 -86.72 0.55E-04 1.2E-6    1.6499999999999998E-12
204 9 36.24 -86.72 0.53E-04 8.3E-7    1.5899999999999999E-12
204 9 36.25 -86.72 0.49E-04 4.7E-7    1.4699999999999998E-12
204 9 36.26 -86.72 0.62E-04 7.6E-7    1.8599999999999997E-12
204 9 36.27 -86.72 0.50E-04 4.7E-7    1.4999999999999999E-12
204 9 36.28 -86.72 0.53E-04 4.3E-7    1.5899999999999999E-12
204 9 36.29 -86.72 0.52E-04 5.5E-7    1.5599999999999998E-12
204 9 36.30 -86.72 0.41E-04 6.3E-7    1.2299999999999998E-12
204 9 36.31 -86.72 0.14E-04 3.5E-7    4.2E-13
204 9 36.32 -86.72 0.13E-04 2.3E-7    3.8999999999999995E-13
204 9 36.33 -86.72 0.43E-05 1.4E-7    1.29E-13
204 9 36.34 -86.72 0.13E-05 0.0    3.9E-14
204 9 36.35 -86.72 0.14E-05 4.8E-8    4.199999999999999E-14
204 9 36.21 -86.71 0.42E-06 0.0    1.26E-14
204 9 36.22 -86.71 0.94E-05 9.1E-8    2.8199999999999996E-13
204 9 36.23 -86.71 0.15E-04 3.9E-7    4.4999999999999995E-13
204 9 36.24 -86.71 0.23E-04 3.4E-7    6.9E-13
204 9 36.25 -86.71 0.24E-04 1.8E-7    7.2E-13
204 9 36.26 -86.71 0.30E-04 3.7E-7    8.999999999999999E-13
204 9 36.27 -86.71 0.45E-04 2.2E-7    1.35E-12
204 9 36.28 -86.71 0.47E-04 4.3E-7    1.4099999999999998E-12
204 9 36.29 -86.71 0.44E-04 6.3E-7    1.3199999999999998E-12
204 9 36.30 -86.71 0.35E-04 3.4E-7    1.0499999999999998E-12
204 9 36.31 -86.71 0.30E-04 4.6E-7    8.999999999999999E-13
204 9 36.32 -86.71 0.13E-04 1.4E-7    3.8999999999999995E-13
204 9 36.33 -86.71 0.69E-05 0.0    2.0699999999999998E-13
204 9 36.34 -86.71 0.28E-05 0.0    8.399999999999998E-14
204 9 36.35 -86.71 0.12E-05 0.0    3.6E-14
204 9 36.36 -86.71 0.20E-05 0.0    6.0E-14
204 9 36.37 -86.71 0.37E-06 6.3E-8    1.11E-14
204 9 36.23 -86.70 0.11E-05 0.0    3.3E-14
204 9 36.24 -86.70 0.21E-05 0.0    6.299999999999998E-14
204 9 36.25 -86.70 0.79E-05 1.7E-7    2.37E-13
204 9 36.26 -86.70 0.17E-04 2.2E-7    5.099999999999999E-13
204 9 36.27 -86.70 0.35E-04 3.8E-7    1.0499999999999998E-12
204 9 36.28 -86.70 0.35E-04 3.8E-7    1.0499999999999998E-12
204 9 36.29 -86.70 0.41E-04 6.2E-7    1.2299999999999998E-12
204 9 36.30 -86.70 0.39E-04 3.0E-7    1.1699999999999999E-12
204 9 36.31 -86.70 0.28E-04 2.1E-7    8.4E-13
204 9 36.32 -86.70 0.22E-04 5.4E-7    6.599999999999999E-13
204 9 36.33 -86.70 0.14E-04 1.6E-7    4.2E-13
204 9 36.34 -86.70 0.96E-05 9.4E-8    2.88E-13
204 9 36.35 -86.70 0.13E-05 0.0    3.9E-14
204 9 36.36 -86.70 0.45E-06 0.0    1.3499999999999998E-14
204 9 36.25 -86.69 0.33E-06 0.0    9.899999999999999E-15
204 9 36.26 -86.69 0.41E-05 9.6E-8    1.2299999999999998E-13
204 9 36.27 -86.69 0.15E-04 0.0    4.4999999999999995E-13
204 9 36.28 -86.69 0.26E-04 3.0E-7    7.799999999999999E-13
204 9 36.29 -86.69 0.34E-04 3.4E-7    1.0199999999999999E-12
204 9 36.30 -86.69 0.23E-04 3.9E-8    6.9E-13
204 9 36.31 -86.69 0.26E-04 2.9E-7    7.799999999999999E-13
204 9 36.32 -86.69 0.40E-04 2.7E-7    1.2E-12
204 9 36.33 -86.69 0.32E-04 3.7E-7    9.6E-13
204 9 36.34 -86.69 0.12E-04 7.0E-8    3.6E-13
204 9 36.35 -86.69 0.56E-05 5.7E-8    1.6799999999999997E-13
204 9 36.36 -86.69 0.15E-05 0.0    4.5E-14
204 9 36.27 -86.68 0.17E-05 1.1E-7    5.1E-14
204 9 36.28 -86.68 0.34E-05 0.0    1.02E-13
204 9 36.29 -86.68 0.12E-04 0.0    3.6E-13
204 9 36.30 -86.68 0.11E-04 1.4E-7    3.2999999999999996E-13
204 9 36.31 -86.68 0.15E-04 2.7E-7    4.4999999999999995E-13
204 9 36.32 -86.68 0.17E-04 2.6E-7    5.099999999999999E-13
204 9 36.33 -86.68 0.25E-04 4.0E-7    7.499999999999999E-13
204 9 36.34 -86.68 0.18E-04 4.2E-7    5.399999999999999E-13
204 9 36.35 -86.68 0.14E-04 2.7E-7    4.2E-13
204 9 36.36 -86.68 0.37E-05 0.0    1.11E-13
204 9 36.37 -86.68 0.20E-05 7.6E-8    6.0E-14
204 9 36.29 -86.67 0.22E-05 0.0    6.6E-14
204 9 36.30 -86.67 0.45E-05 0.0    1.3499999999999998E-13
204 9 36.31 -86.67 0.53E-05 0.0    1.5899999999999998E-13
204 9 36.32 -86.67 0.57E-05 0.0    1.7099999999999998E-13
204 9 36.33 -86.67 0.11E-04 3.5E-7    3.2999999999999996E-13
204 9 36.34 -86.67 0.14E-04 1.6E-7    4.2E-13
204 9 36.35 -86.67 0.13E-04 7.7E-8    3.8999999999999995E-13
204 9 36.36 -86.67 0.42E-05 0.0    1.2599999999999997E-13
204 9 36.37 -86.67 0.40E-06 0.0    1.1999999999999998E-14
204 9 36.38 -86.67 0.16E-05 0.0    4.799999999999999E-14
204 9 36.31 -86.66 0.33E-05 0.0    9.9E-14
204 9 36.32 -86.66 0.19E-05 0.0    5.7E-14
204 9 36.33 -86.66 0.19E-05 0.0    5.7E-14
204 9 36.34 -86.66 0.84E-05 0.0    2.5199999999999994E-13
204 9 36.35 -86.66 0.12E-04 3.5E-7    3.6E-13
204 9 36.36 -86.66 0.23E-05 9.1E-8    6.9E-14
204 9 36.37 -86.66 0.20E-05 1.3E-7    6.0E-14
204 9 36.38 -86.66 0.24E-06 4.1E-8    7.199999999999999E-15
204 9 36.33 -86.65 0.74E-06 0.0    2.22E-14
204 9 36.34 -86.65 0.22E-05 0.0    6.6E-14
204 9 36.35 -86.65 0.78E-05 1.2E-7    2.3399999999999996E-13
204 9 36.36 -86.65 0.33E-05 8.3E-8    9.9E-14
204 9 36.37 -86.65 0.57E-05 8.0E-8    1.7099999999999998E-13
204 9 36.38 -86.65 0.12E-05 0.0    3.6E-14
204 9 36.39 -86.65 0.40E-06 0.0    1.1999999999999998E-14
204 9 36.35 -86.64 0.40E-06 0.0    1.1999999999999998E-14
204 9 36.36 -86.64 0.25E-05 7.2E-8    7.5E-14
204 9 36.38 -86.64 0.19E-05 0.0    5.7E-14
204 9 36.39 -86.64 0.39E-06 0.0    1.17E-14
204 9 36.44 -86.63 0.42E-06 0.0    1.26E-14
