DAY HR   LAT     LON     DEP       CON
205 7 37.25 -87.07 0.88E-04 1.1E-6    
205 7 37.30 -87.07 0.15E-03 8.4E-7    
205 7 36.75 -87.02 0.58E-02 0.0    
205 7 36.95 -87.02 0.84E-05 1.4E-7    
205 7 37.00 -87.02 0.13E-04 1.8E-7    
205 7 37.05 -87.02 0.10E-03 2.9E-7    
205 7 37.10 -87.02 0.64E-05 2.7E-8    
205 7 37.15 -87.02 0.15E-04 0.0    
205 7 37.20 -87.02 0.12E-03 0.0    
205 7 37.25 -87.02 0.22E-02 3.0E-7    
205 7 37.30 -87.02 0.65E-02 3.0E-5    
205 7 37.35 -87.02 0.23E-04 3.9E-7    
205 7 37.40 -87.02 0.54E-04 0.0    
205 7 37.45 -87.02 0.59E-03 0.0    
205 7 37.50 -87.02 0.85E-03 0.0    
205 7 37.65 -87.02 0.39E-04 3.9E-7    
205 7 36.70 -86.97 0.12E-02 2.8E-5    
205 7 36.75 -86.97 0.95E-04 0.0    
205 7 36.80 -86.97 0.37E-02 9.2E-6    
205 7 36.85 -86.97 0.20E-03 2.3E-6    
205 7 36.90 -86.97 0.53E-03 2.7E-6    
205 7 36.95 -86.97 0.16E-02 5.4E-6    
205 7 37.00 -86.97 0.14E-03 0.0    
205 7 37.05 -86.97 0.10E-04 1.2E-8    
205 7 37.10 -86.97 0.49E-03 8.1E-8    
205 7 37.15 -86.97 0.12E-02 2.8E-6    
205 7 37.20 -86.97 0.45E-03 4.9E-6    
205 7 37.25 -86.97 0.29E-03 2.0E-6    
205 7 36.55 -86.92 0.48E-02 5.2E-5    
205 7 36.60 -86.92 0.32E-02 4.8E-5    
205 7 36.65 -86.92 0.19E-02 9.3E-6    
205 7 36.70 -86.92 0.40E-02 2.4E-5    
205 7 36.75 -86.92 0.58E-02 5.9E-5    
205 7 36.80 -86.92 0.83E-03 2.4E-6    
205 7 36.85 -86.92 0.94E-03 1.1E-6    
205 7 36.90 -86.92 0.20E-02 8.8E-6    
205 7 36.95 -86.92 0.17E-02 1.1E-5    
205 7 37.00 -86.92 0.64E-03 1.8E-6    
205 7 37.05 -86.92 0.80E-03 5.5E-7    
205 7 37.10 -86.92 0.12E-03 4.6E-7    
205 7 37.15 -86.92 0.10E-03 7.5E-8    
205 7 37.20 -86.92 0.28E-03 1.7E-6    
205 7 37.25 -86.92 0.69E-04 2.7E-8    
205 7 37.30 -86.92 0.15E-03 1.7E-7    
205 7 37.35 -86.92 0.67E-04 3.8E-7    
205 7 37.40 -86.92 0.38E-05 0.0    
205 7 37.45 -86.92 0.16E-03 3.0E-9    
205 7 37.50 -86.92 0.50E-03 1.3E-6    
205 7 37.55 -86.92 0.13E-03 4.5E-7    
205 7 37.60 -86.92 0.92E-05 1.9E-9    
205 7 37.65 -86.92 0.33E-08 5.9E-12    
205 7 36.35 -86.87 0.15E-02 0.0    
205 7 36.40 -86.87 0.27E-01 2.2E-4    
205 7 36.45 -86.87 0.46E-01 2.2E-4    
205 7 36.50 -86.87 0.42E-01 2.1E-4    
205 7 36.55 -86.87 0.23E-01 4.8E-5    
205 7 36.60 -86.87 0.12E-01 4.4E-5    
205 7 36.65 -86.87 0.14E-01 4.7E-5    
205 7 36.70 -86.87 0.64E-02 6.0E-5    
205 7 36.75 -86.87 0.91E-02 7.5E-5    
205 7 36.80 -86.87 0.82E-02 3.8E-5    
205 7 36.85 -86.87 0.71E-02 6.8E-6    
205 7 36.90 -86.87 0.33E-03 1.5E-6    
205 7 36.95 -86.87 0.82E-02 1.8E-5    
205 7 37.00 -86.87 0.18E-02 1.9E-5    
205 7 37.05 -86.87 0.32E-03 6.2E-7    
205 7 37.10 -86.87 0.16E-03 4.0E-7    
205 7 37.15 -86.87 0.69E-03 1.2E-5    
205 7 37.20 -86.87 0.32E-03 2.9E-6    
205 7 37.25 -86.87 0.18E-03 2.7E-7    
205 7 37.30 -86.87 0.35E-03 1.1E-6    
205 7 37.35 -86.87 0.25E-03 1.5E-7    
205 7 37.40 -86.87 0.95E-04 1.4E-7    
205 7 37.45 -86.87 0.54E-03 1.4E-8    
205 7 37.50 -86.87 0.30E-04 5.9E-10    
205 7 37.55 -86.87 0.15E-04 1.5E-9    
205 7 37.60 -86.87 0.15E-04 6.0E-8    
205 7 37.65 -86.87 0.68E-05 3.1E-8    
205 7 36.20 -86.82 0.17E-02 0.0    
205 7 36.25 -86.82 0.39E+00 0.002    
205 7 36.30 -86.82 0.41E+00 0.0023    
205 7 36.35 -86.82 0.25E+00 0.0012    
205 7 36.40 -86.82 0.13E+00 5.8E-4    
205 7 36.45 -86.82 0.92E-01 5.3E-4    
205 7 36.50 -86.82 0.44E-01 2.4E-4    
205 7 36.55 -86.82 0.23E-01 1.4E-4    
205 7 36.60 -86.82 0.13E-01 3.2E-5    
205 7 36.65 -86.82 0.14E-01 5.6E-6    
205 7 36.70 -86.82 0.81E-02 1.6E-5    
205 7 36.75 -86.82 0.36E-02 6.9E-6    
205 7 36.80 -86.82 0.18E-02 2.2E-6    
205 7 36.85 -86.82 0.30E-02 1.9E-5    
205 7 36.90 -86.82 0.34E-02 2.4E-5    
205 7 36.95 -86.82 0.14E-02 8.2E-7    
205 7 37.00 -86.82 0.12E-02 2.5E-7    
205 7 37.05 -86.82 0.12E-02 4.1E-6    
205 7 37.10 -86.82 0.17E-02 2.4E-8    
205 7 37.15 -86.82 0.81E-03 7.1E-6    
205 7 37.20 -86.82 0.12E-02 8.4E-6    
205 7 37.25 -86.82 0.10E-02 5.5E-6    
205 7 37.30 -86.82 0.39E-03 2.2E-6    
205 7 37.35 -86.82 0.53E-03 4.3E-7    
205 7 37.40 -86.82 0.41E-03 1.2E-6    
205 7 37.45 -86.82 0.14E-03 8.4E-7    
205 7 37.50 -86.82 0.66E-04 3.5E-8    
205 7 37.55 -86.82 0.23E-04 2.7E-9    
205 7 37.60 -86.82 0.38E-04 1.1E-7    
205 7 37.65 -86.82 0.10E-04 3.3E-9    
205 7 36.15 -86.77 0.76E+01 0.032    
205 7 36.20 -86.77 0.60E+01 0.026    
205 7 36.25 -86.77 0.16E+01 0.0071    
205 7 36.30 -86.77 0.46E+00 0.0021    
205 7 36.35 -86.77 0.18E+00 8.7E-4    
205 7 36.40 -86.77 0.79E-01 2.8E-4    
205 7 36.45 -86.77 0.36E-01 1.7E-4    
205 7 36.50 -86.77 0.20E-01 4.8E-5    
205 7 36.55 -86.77 0.15E-01 7.6E-5    
205 7 36.60 -86.77 0.20E-01 4.0E-5    
205 7 36.65 -86.77 0.75E-02 1.8E-5    
205 7 36.70 -86.77 0.99E-02 1.6E-5    
205 7 36.75 -86.77 0.61E-02 4.8E-6    
205 7 36.80 -86.77 0.47E-02 1.7E-5    
205 7 36.85 -86.77 0.94E-02 5.5E-5    
205 7 36.90 -86.77 0.56E-02 1.4E-5    
205 7 36.95 -86.77 0.57E-03 1.6E-6    
205 7 37.00 -86.77 0.47E-03 1.7E-9    
205 7 37.05 -86.77 0.55E-03 2.8E-7    
205 7 37.10 -86.77 0.35E-02 2.9E-6    
205 7 37.15 -86.77 0.39E-02 8.3E-6    
205 7 37.20 -86.77 0.23E-02 3.2E-8    
205 7 37.25 -86.77 0.41E-02 9.6E-8    
205 7 37.30 -86.77 0.96E-03 2.1E-9    
205 7 37.35 -86.77 0.25E-02 9.8E-6    
205 7 37.40 -86.77 0.12E-02 6.8E-6    
205 7 37.45 -86.77 0.12E-03 2.4E-7    
205 7 37.50 -86.77 0.44E-04 2.0E-7    
205 7 37.55 -86.77 0.20E-03 9.3E-7    
205 7 37.60 -86.77 0.40E-04 4.2E-9    
205 7 37.65 -86.77 0.16E-04 8.1E-8    
205 7 36.20 -86.72 0.51E+00 0.0019    
205 7 36.25 -86.72 0.59E+00 0.002    
205 7 36.30 -86.72 0.54E+00 0.0022    
205 7 36.35 -86.72 0.44E+00 0.0015    
205 7 36.40 -86.72 0.24E+00 7.4E-4    
205 7 36.45 -86.72 0.93E-01 2.8E-4    
205 7 36.50 -86.72 0.59E-01 3.0E-4    
205 7 36.55 -86.72 0.25E-01 1.9E-4    
205 7 36.60 -86.72 0.18E-01 4.4E-5    
205 7 36.65 -86.72 0.23E-01 7.6E-5    
205 7 36.70 -86.72 0.11E-01 2.9E-5    
205 7 36.75 -86.72 0.84E-02 9.7E-5    
205 7 36.80 -86.72 0.83E-02 3.9E-5    
205 7 36.85 -86.72 0.58E-02 5.7E-5    
205 7 36.90 -86.72 0.11E-01 3.2E-5    
205 7 36.95 -86.72 0.71E-02 2.5E-5    
205 7 37.00 -86.72 0.18E-02 1.2E-5    
205 7 37.05 -86.72 0.31E-02 2.0E-5    
205 7 37.10 -86.72 0.55E-03 1.7E-6    
205 7 37.15 -86.72 0.66E-03 1.4E-7    
205 7 37.20 -86.72 0.83E-03 1.7E-6    
205 7 37.25 -86.72 0.19E-02 1.0E-5    
205 7 37.30 -86.72 0.26E-02 3.8E-6    
205 7 37.35 -86.72 0.12E-03 1.2E-6    
205 7 37.40 -86.72 0.48E-04 4.4E-8    
205 7 37.45 -86.72 0.52E-03 2.4E-9    
205 7 37.50 -86.72 0.41E-03 1.5E-6    
205 7 37.55 -86.72 0.30E-03 7.0E-9    
205 7 37.60 -86.72 0.28E-03 5.2E-8    
205 7 37.65 -86.72 0.54E-03 1.8E-8    
205 7 36.25 -86.67 0.37E-01 1.5E-4    
205 7 36.30 -86.67 0.15E+00 6.1E-4    
205 7 36.35 -86.67 0.22E+00 8.6E-4    
205 7 36.40 -86.67 0.27E+00 8.7E-4    
205 7 36.45 -86.67 0.25E+00 9.2E-4    
205 7 36.50 -86.67 0.13E+00 5.6E-4    
205 7 36.55 -86.67 0.79E-01 2.4E-4    
205 7 36.60 -86.67 0.40E-01 9.3E-5    
205 7 36.65 -86.67 0.18E-01 5.0E-5    
205 7 36.70 -86.67 0.21E-01 9.8E-5    
205 7 36.75 -86.67 0.11E-01 2.8E-5    
205 7 36.80 -86.67 0.15E-01 4.8E-5    
205 7 36.85 -86.67 0.66E-02 2.3E-5    
205 7 36.90 -86.67 0.78E-02 1.9E-5    
205 7 36.95 -86.67 0.97E-02 4.5E-5    
205 7 37.00 -86.67 0.23E-02 8.5E-6    
205 7 37.05 -86.67 0.46E-03 6.2E-7    
205 7 37.10 -86.67 0.28E-02 3.9E-6    
205 7 37.15 -86.67 0.35E-02 2.2E-5    
205 7 37.20 -86.67 0.64E-03 4.7E-7    
205 7 37.25 -86.67 0.87E-04 9.1E-8    
205 7 37.30 -86.67 0.12E-04 2.1E-8    
205 7 37.35 -86.67 0.90E-03 2.0E-10    
205 7 37.40 -86.67 0.56E-03 5.6E-6    
205 7 37.45 -86.67 0.30E-03 7.8E-7    
205 7 37.50 -86.67 0.16E-05 1.3E-9    
205 7 37.55 -86.67 0.12E-05 7.9E-9    
205 7 37.60 -86.67 0.62E-04 9.6E-8    
205 7 37.65 -86.67 0.46E-04 5.3E-7    
205 7 36.30 -86.62 0.98E-04 0.0    
205 7 36.35 -86.62 0.17E-01 5.5E-5    
205 7 36.40 -86.62 0.11E+00 4.8E-4    
205 7 36.45 -86.62 0.16E+00 5.1E-4    
205 7 36.50 -86.62 0.14E+00 6.1E-4    
205 7 36.55 -86.62 0.11E+00 4.2E-4    
205 7 36.60 -86.62 0.84E-01 3.2E-4    
205 7 36.65 -86.62 0.69E-01 2.8E-4    
205 7 36.70 -86.62 0.26E-01 8.9E-5    
205 7 36.75 -86.62 0.20E-01 9.5E-5    
205 7 36.80 -86.62 0.27E-01 1.4E-4    
205 7 36.85 -86.62 0.18E-01 7.4E-5    
205 7 36.90 -86.62 0.10E-01 7.5E-6    
205 7 36.95 -86.62 0.46E-02 1.9E-5    
205 7 37.00 -86.62 0.62E-02 4.1E-5    
205 7 37.05 -86.62 0.88E-02 3.8E-5    
205 7 37.10 -86.62 0.17E-02 4.7E-7    
205 7 37.15 -86.62 0.80E-02 1.1E-5    
205 7 37.20 -86.62 0.11E-02 2.4E-8    
205 7 37.25 -86.62 0.13E-05 1.7E-8    
205 7 37.30 -86.62 0.78E-03 5.6E-7    
205 7 37.35 -86.62 0.13E-03 4.8E-7    
205 7 37.40 -86.62 0.18E-03 1.2E-6    
205 7 37.45 -86.62 0.79E-04 1.1E-7    
205 7 37.50 -86.62 0.18E-03 1.3E-8    
205 7 37.55 -86.62 0.26E-03 4.9E-6    
205 7 37.60 -86.62 0.34E-03 1.4E-11    
205 7 37.65 -86.62 0.86E-04 6.0E-9    
205 7 36.40 -86.57 0.20E-03 1.2E-6    
205 7 36.45 -86.57 0.27E-01 4.8E-5    
205 7 36.50 -86.57 0.68E-01 2.3E-4    
205 7 36.55 -86.57 0.51E-01 1.5E-4    
205 7 36.60 -86.57 0.59E-01 3.8E-4    
205 7 36.65 -86.57 0.39E-01 1.5E-4    
205 7 36.70 -86.57 0.29E-01 1.4E-4    
205 7 36.75 -86.57 0.31E-01 9.4E-5    
205 7 36.80 -86.57 0.33E-01 9.1E-5    
205 7 36.85 -86.57 0.16E-01 4.1E-5    
205 7 36.90 -86.57 0.98E-02 4.6E-5    
205 7 36.95 -86.57 0.15E-01 3.2E-5    
205 7 37.00 -86.57 0.44E-02 4.7E-6    
205 7 37.05 -86.57 0.90E-02 4.1E-5    
205 7 37.10 -86.57 0.37E-02 1.3E-6    
205 7 37.15 -86.57 0.41E-02 8.4E-7    
205 7 37.20 -86.57 0.33E-02 1.6E-5    
205 7 37.25 -86.57 0.72E-02 2.6E-5    
205 7 37.30 -86.57 0.30E-02 1.7E-5    
205 7 37.35 -86.57 0.12E-02 8.7E-7    
205 7 37.40 -86.57 0.99E-04 4.4E-12    
205 7 37.45 -86.57 0.13E-02 1.0E-5    
205 7 37.50 -86.57 0.32E-02 1.9E-5    
205 7 37.55 -86.57 0.11E-02 7.2E-6    
205 7 37.60 -86.57 0.55E-03 1.8E-6    
205 7 37.65 -86.57 0.63E-02 5.6E-5    
205 7 36.40 -86.52 0.12E-02 0.0    
205 7 36.50 -86.52 0.86E-02 2.1E-5    
205 7 36.55 -86.52 0.24E-01 1.1E-4    
205 7 36.60 -86.52 0.29E-01 1.7E-4    
205 7 36.65 -86.52 0.58E-01 1.8E-4    
205 7 36.70 -86.52 0.45E-01 2.3E-4    
205 7 36.75 -86.52 0.34E-01 1.4E-4    
205 7 36.80 -86.52 0.25E-01 7.3E-5    
205 7 36.85 -86.52 0.26E-01 9.7E-5    
205 7 36.90 -86.52 0.19E-01 4.2E-5    
205 7 36.95 -86.52 0.49E-02 1.1E-5    
205 7 37.00 -86.52 0.88E-02 4.6E-5    
205 7 37.05 -86.52 0.14E-01 2.8E-5    
205 7 37.10 -86.52 0.40E-02 2.6E-5    
205 7 37.15 -86.52 0.41E-02 1.9E-5    
205 7 37.20 -86.52 0.98E-02 6.9E-5    
205 7 37.25 -86.52 0.59E-02 4.3E-6    
205 7 37.30 -86.52 0.10E-01 4.1E-5    
205 7 37.35 -86.52 0.23E-02 1.1E-5    
205 7 37.40 -86.52 0.23E-02 7.9E-6    
205 7 37.45 -86.52 0.71E-03 1.9E-6    
205 7 37.50 -86.52 0.73E-03 1.4E-6    
205 7 37.55 -86.52 0.14E-02 9.3E-9    
205 7 37.60 -86.52 0.34E-02 1.2E-5    
205 7 37.65 -86.52 0.14E-02 6.6E-6    
205 7 36.55 -86.47 0.66E-02 5.8E-5    
205 7 36.60 -86.47 0.32E-01 1.1E-4    
205 7 36.65 -86.47 0.28E-01 7.6E-5    
205 7 36.70 -86.47 0.35E-01 1.4E-4    
205 7 36.75 -86.47 0.27E-01 1.3E-4    
205 7 36.80 -86.47 0.28E-01 4.8E-5    
205 7 36.85 -86.47 0.24E-01 8.6E-5    
205 7 36.90 -86.47 0.24E-01 9.4E-5    
205 7 36.95 -86.47 0.11E-01 4.5E-5    
205 7 37.00 -86.47 0.13E-01 3.7E-5    
205 7 37.05 -86.47 0.86E-02 4.5E-5    
205 7 37.10 -86.47 0.70E-02 9.7E-5    
205 7 37.15 -86.47 0.88E-02 4.8E-5    
205 7 37.20 -86.47 0.16E-01 4.2E-5    
205 7 37.25 -86.47 0.90E-02 8.5E-6    
205 7 37.30 -86.47 0.26E-02 8.4E-6    
205 7 37.35 -86.47 0.25E-02 1.2E-5    
205 7 37.40 -86.47 0.29E-02 1.3E-5    
205 7 37.45 -86.47 0.22E-02 1.7E-5    
205 7 37.50 -86.47 0.26E-02 1.2E-5    
205 7 37.55 -86.47 0.19E-03 2.2E-6    
205 7 37.60 -86.47 0.49E-04 2.1E-8    
205 7 37.65 -86.47 0.18E-02 1.3E-6    
205 7 36.55 -86.42 0.24E-02 0.0    
205 7 36.60 -86.42 0.70E-02 4.4E-5    
205 7 36.65 -86.42 0.16E-01 5.1E-5    
205 7 36.70 -86.42 0.25E-01 7.3E-5    
205 7 36.75 -86.42 0.40E-01 1.0E-4    
205 7 36.80 -86.42 0.23E-01 8.9E-5    
205 7 36.85 -86.42 0.22E-01 1.2E-4    
205 7 36.90 -86.42 0.16E-01 5.3E-5    
205 7 36.95 -86.42 0.14E-01 5.0E-5    
205 7 37.00 -86.42 0.99E-02 2.1E-5    
205 7 37.05 -86.42 0.51E-02 1.1E-5    
205 7 37.10 -86.42 0.11E-01 7.2E-5    
205 7 37.15 -86.42 0.51E-02 4.8E-5    
205 7 37.20 -86.42 0.45E-02 2.1E-5    
205 7 37.25 -86.42 0.36E-02 1.9E-5    
205 7 37.30 -86.42 0.54E-02 1.0E-5    
205 7 37.35 -86.42 0.11E-02 1.8E-6    
205 7 37.40 -86.42 0.12E-03 1.1E-7    
205 7 37.45 -86.42 0.24E-02 1.4E-5    
205 7 37.50 -86.42 0.79E-03 1.8E-6    
205 7 37.55 -86.42 0.63E-03 5.7E-6    
205 7 37.60 -86.42 0.11E-02 7.0E-6    
205 7 37.65 -86.42 0.37E-02 6.1E-6    
205 7 36.65 -86.37 0.72E-02 1.4E-5    
205 7 36.70 -86.37 0.13E-01 5.4E-5    
205 7 36.75 -86.37 0.29E-01 1.1E-4    
205 7 36.80 -86.37 0.24E-01 5.1E-5    
205 7 36.85 -86.37 0.29E-01 1.3E-4    
205 7 36.90 -86.37 0.22E-01 7.6E-5    
205 7 36.95 -86.37 0.12E-01 2.6E-5    
205 7 37.00 -86.37 0.11E-01 5.8E-5    
205 7 37.05 -86.37 0.13E-01 5.2E-5    
205 7 37.10 -86.37 0.93E-02 4.8E-5    
205 7 37.15 -86.37 0.55E-02 2.5E-5    
205 7 37.20 -86.37 0.36E-02 7.6E-6    
205 7 37.25 -86.37 0.43E-02 1.4E-6    
205 7 37.30 -86.37 0.59E-02 3.8E-5    
205 7 37.35 -86.37 0.64E-02 1.4E-5    
205 7 37.40 -86.37 0.40E-02 3.2E-5    
205 7 37.45 -86.37 0.23E-02 2.7E-6    
205 7 37.50 -86.37 0.36E-02 2.8E-6    
205 7 37.55 -86.37 0.40E-02 5.4E-6    
205 7 37.60 -86.37 0.62E-03 3.5E-6    
205 7 37.65 -86.37 0.89E-03 8.4E-6    
205 7 36.65 -86.32 0.24E-02 3.1E-5    
205 7 36.70 -86.32 0.96E-02 7.4E-5    
205 7 36.75 -86.32 0.11E-01 5.3E-5    
205 7 36.80 -86.32 0.16E-01 4.1E-5    
205 7 36.85 -86.32 0.13E-01 3.1E-5    
205 7 36.90 -86.32 0.20E-01 4.0E-5    
205 7 36.95 -86.32 0.94E-02 3.3E-5    
205 7 37.00 -86.32 0.12E-01 5.1E-5    
205 7 37.05 -86.32 0.86E-02 3.6E-5    
205 7 37.10 -86.32 0.36E-02 8.0E-6    
205 7 37.15 -86.32 0.50E-02 3.3E-5    
205 7 37.20 -86.32 0.62E-02 1.1E-5    
205 7 37.25 -86.32 0.31E-02 7.7E-6    
205 7 37.30 -86.32 0.17E-02 5.8E-6    
205 7 37.35 -86.32 0.39E-02 1.8E-5    
205 7 37.40 -86.32 0.24E-02 1.8E-5    
205 7 37.45 -86.32 0.12E-01 7.7E-5    
205 7 37.50 -86.32 0.14E-02 3.8E-6    
205 7 37.55 -86.32 0.69E-02 1.4E-5    
205 7 37.60 -86.32 0.17E-02 1.3E-5    
205 7 37.65 -86.32 0.21E-02 9.9E-6    
205 7 36.70 -86.27 0.52E-02 0.0    
205 7 36.75 -86.27 0.14E-01 2.4E-6    
205 7 36.80 -86.27 0.13E-01 4.8E-5    
205 7 36.85 -86.27 0.13E-01 6.1E-5    
205 7 36.90 -86.27 0.13E-01 3.0E-5    
205 7 36.95 -86.27 0.53E-02 1.3E-5    
205 7 37.00 -86.27 0.70E-02 4.0E-5    
205 7 37.05 -86.27 0.24E-02 1.1E-5    
205 7 37.10 -86.27 0.11E-01 2.3E-5    
205 7 37.15 -86.27 0.13E-01 4.2E-5    
205 7 37.20 -86.27 0.82E-02 3.9E-5    
205 7 37.25 -86.27 0.25E-02 6.5E-8    
205 7 37.30 -86.27 0.44E-02 4.3E-6    
205 7 37.35 -86.27 0.96E-02 1.7E-5    
205 7 37.40 -86.27 0.85E-02 1.8E-5    
205 7 37.45 -86.27 0.49E-02 2.5E-5    
205 7 37.50 -86.27 0.14E-02 3.2E-6    
205 7 37.55 -86.27 0.39E-02 9.8E-6    
205 7 37.60 -86.27 0.21E-02 3.3E-6    
205 7 37.65 -86.27 0.22E-02 1.3E-5    
205 7 36.75 -86.22 0.17E-01 3.3E-5    
205 7 36.80 -86.22 0.75E-02 3.9E-5    
205 7 36.85 -86.22 0.59E-02 4.5E-5    
205 7 36.90 -86.22 0.20E-01 1.2E-4    
205 7 36.95 -86.22 0.98E-02 2.0E-5    
205 7 37.00 -86.22 0.81E-02 2.9E-5    
205 7 37.05 -86.22 0.26E-02 7.7E-6    
205 7 37.10 -86.22 0.12E-02 8.2E-6    
205 7 37.15 -86.22 0.33E-02 1.3E-5    
205 7 37.20 -86.22 0.11E-02 2.1E-7    
205 7 37.25 -86.22 0.15E-03 8.7E-8    
205 7 37.30 -86.22 0.50E-02 1.4E-7    
205 7 37.35 -86.22 0.73E-03 6.7E-6    
205 7 37.40 -86.22 0.16E-02 4.2E-6    
205 7 37.45 -86.22 0.37E-02 1.3E-5    
205 7 37.50 -86.22 0.36E-02 2.3E-5    
205 7 37.55 -86.22 0.36E-02 1.9E-6    
205 7 37.60 -86.22 0.75E-03 2.4E-6    
205 7 37.65 -86.22 0.17E-02 1.8E-6    
205 7 36.75 -86.17 0.14E-02 0.0    
205 7 36.80 -86.17 0.47E-03 0.0    
205 7 36.85 -86.17 0.10E-02 8.1E-6    
205 7 36.90 -86.17 0.95E-02 7.5E-5    
205 7 36.95 -86.17 0.12E-01 1.8E-5    
205 7 37.00 -86.17 0.11E-01 4.6E-5    
205 7 37.05 -86.17 0.83E-02 2.4E-5    
205 7 37.10 -86.17 0.47E-02 1.0E-5    
205 7 37.15 -86.17 0.44E-02 3.2E-6    
205 7 37.20 -86.17 0.87E-03 6.5E-7    
205 7 37.25 -86.17 0.82E-02 2.4E-5    
205 7 37.30 -86.17 0.58E-02 1.2E-5    
205 7 37.35 -86.17 0.36E-02 3.1E-6    
205 7 37.40 -86.17 0.10E-01 3.4E-5    
205 7 37.45 -86.17 0.63E-02 4.4E-5    
205 7 37.50 -86.17 0.62E-02 3.7E-5    
205 7 37.55 -86.17 0.19E-02 1.0E-5    
205 7 37.60 -86.17 0.21E-02 2.5E-6    
205 7 37.65 -86.17 0.48E-02 4.6E-8    
205 7 36.90 -86.12 0.55E-02 1.6E-5    
205 7 36.95 -86.12 0.14E-01 9.8E-5    
205 7 37.00 -86.12 0.48E-02 1.2E-5    
205 7 37.05 -86.12 0.13E-01 7.9E-6    
205 7 37.10 -86.12 0.50E-02 4.3E-5    
205 7 37.15 -86.12 0.31E-02 7.3E-6    
205 7 37.20 -86.12 0.11E-02 9.0E-6    
205 7 37.25 -86.12 0.11E-01 2.8E-5    
205 7 37.30 -86.12 0.36E-02 2.6E-5    
205 7 37.35 -86.12 0.36E-02 1.5E-5    
205 7 37.40 -86.12 0.22E-02 2.2E-5    
205 7 37.45 -86.12 0.49E-02 4.4E-5    
205 7 37.50 -86.12 0.95E-02 3.1E-5    
205 7 37.55 -86.12 0.38E-02 8.1E-9    
205 7 37.60 -86.12 0.27E-02 1.1E-8    
205 7 37.65 -86.12 0.61E-02 7.3E-6    
205 7 36.85 -86.07 0.31E-02 1.1E-5    
205 7 36.90 -86.07 0.41E-02 0.0    
205 7 36.95 -86.07 0.21E-01 3.1E-5    
205 7 37.00 -86.07 0.70E-02 2.3E-5    
205 7 37.05 -86.07 0.57E-02 1.9E-5    
205 7 37.10 -86.07 0.90E-02 2.1E-5    
205 7 37.15 -86.07 0.27E-02 1.1E-5    
205 7 37.20 -86.07 0.32E-02 2.0E-5    
205 7 37.25 -86.07 0.57E-03 1.5E-6    
205 7 37.30 -86.07 0.89E-03 4.6E-7    
205 7 37.35 -86.07 0.38E-02 2.2E-6    
205 7 37.40 -86.07 0.44E-02 2.3E-5    
205 7 37.45 -86.07 0.16E-02 4.2E-7    
205 7 37.50 -86.07 0.41E-02 1.1E-9    
205 7 37.55 -86.07 0.13E-02 0.0    
205 7 37.60 -86.07 0.34E-07 2.0E-10    
205 7 37.65 -86.07 0.70E-02 1.4E-5    
205 7 36.90 -86.02 0.17E-03 0.0    
205 7 36.95 -86.02 0.56E-02 2.3E-5    
205 7 37.00 -86.02 0.14E-01 4.9E-5    
205 7 37.05 -86.02 0.33E-02 6.1E-6    
205 7 37.10 -86.02 0.51E-02 1.1E-5    
205 7 37.15 -86.02 0.34E-02 1.4E-5    
205 7 37.20 -86.02 0.72E-02 1.8E-5    
205 7 37.25 -86.02 0.14E-02 1.1E-7    
205 7 37.30 -86.02 0.48E-03 2.4E-6    
205 7 37.35 -86.02 0.27E-02 7.7E-6    
205 7 37.40 -86.02 0.48E-03 4.4E-6    
205 7 37.45 -86.02 0.68E-03 5.5E-8    
205 7 37.50 -86.02 0.35E-02 1.7E-5    
205 7 37.55 -86.02 0.13E-02 6.2E-9    
205 7 37.60 -86.02 0.21E-02 3.2E-9    
205 7 37.65 -86.02 0.67E-02 1.1E-9    
205 7 36.95 -85.97 0.16E-03 0.0    
205 7 37.00 -85.97 0.41E-02 1.5E-5    
205 7 37.05 -85.97 0.65E-02 1.6E-5    
205 7 37.10 -85.97 0.38E-02 1.2E-5    
205 7 37.15 -85.97 0.37E-02 8.1E-6    
205 7 37.20 -85.97 0.11E-02 5.1E-6    
205 7 37.25 -85.97 0.31E-02 9.7E-6    
205 7 37.30 -85.97 0.33E-03 1.8E-6    
205 7 37.35 -85.97 0.14E-04 1.6E-7    
205 7 37.40 -85.97 0.15E-04 1.3E-7    
205 7 37.45 -85.97 0.55E-04 9.5E-8    
205 7 37.50 -85.97 0.11E-02 7.8E-6    
205 7 37.55 -85.97 0.13E-02 2.4E-5    
205 7 37.60 -85.97 0.47E-03 1.9E-8    
205 7 37.65 -85.97 0.11E-02 8.2E-6    
205 7 37.00 -85.92 0.12E-03 4.9E-7    
205 7 37.05 -85.92 0.95E-03 3.8E-6    
205 7 37.10 -85.92 0.11E-02 1.9E-6    
205 7 37.15 -85.92 0.60E-02 1.9E-5    
205 7 37.20 -85.92 0.42E-02 4.1E-6    
205 7 37.25 -85.92 0.65E-03 1.2E-6    
205 7 37.30 -85.92 0.13E-02 5.1E-6    
205 7 37.35 -85.92 0.14E-03 3.4E-7    
205 7 37.40 -85.92 0.17E-02 1.1E-7    
205 7 37.45 -85.92 0.37E-05 3.7E-8    
205 7 37.50 -85.92 0.12E-04 1.8E-8    
205 7 37.55 -85.92 0.15E-05 1.1E-8    
205 7 37.60 -85.92 0.21E-02 1.2E-7    
205 7 37.65 -85.92 0.30E-02 9.3E-6    
205 7 37.05 -85.87 0.12E-04 0.0    
205 7 37.10 -85.87 0.22E-03 1.7E-6    
205 7 37.15 -85.87 0.81E-02 3.5E-5    
205 7 37.20 -85.87 0.11E-01 2.7E-5    
205 7 37.25 -85.87 0.97E-02 6.0E-6    
205 7 37.30 -85.87 0.54E-02 2.9E-5    
205 7 37.35 -85.87 0.39E-02 1.1E-5    
205 7 37.40 -85.87 0.92E-03 2.5E-6    
205 7 37.45 -85.87 0.47E-02 5.4E-5    
205 7 37.50 -85.87 0.22E-02 4.6E-6    
205 7 37.55 -85.87 0.41E-02 1.3E-6    
205 7 37.60 -85.87 0.80E-03 6.3E-8    
205 7 37.65 -85.87 0.28E-04 2.6E-9    
205 7 37.05 -85.82 0.27E-02 2.3E-5    
205 7 37.10 -85.82 0.10E-04 7.2E-8    
205 7 37.15 -85.82 0.17E-02 5.3E-7    
205 7 37.20 -85.82 0.17E-02 9.5E-6    
205 7 37.25 -85.82 0.73E-02 1.7E-5    
205 7 37.30 -85.82 0.33E-02 1.3E-5    
205 7 37.35 -85.82 0.13E-03 9.9E-9    
205 7 37.40 -85.82 0.13E-03 1.3E-6    
205 7 37.45 -85.82 0.27E-03 5.9E-7    
205 7 37.50 -85.82 0.56E-04 3.9E-7    
205 7 37.55 -85.82 0.54E-05 4.8E-8    
205 7 37.60 -85.82 0.31E-05 2.0E-8    
205 7 37.65 -85.82 0.57E-05 8.0E-10    
205 7 37.10 -85.77 0.16E-02 0.0    
205 7 37.15 -85.77 0.18E-05 1.9E-8    
205 7 37.20 -85.77 0.40E-03 0.0    
205 7 37.25 -85.77 0.57E-02 6.3E-5    
205 7 37.30 -85.77 0.72E-02 4.5E-5    
205 7 37.35 -85.77 0.34E-02 3.2E-6    
205 7 37.40 -85.77 0.15E-02 8.2E-6    
205 7 37.45 -85.77 0.35E-02 2.2E-5    
205 7 37.50 -85.77 0.30E-02 2.3E-5    
205 7 37.55 -85.77 0.52E-03 2.9E-6    
205 7 37.60 -85.77 0.58E-04 2.8E-7    
205 7 37.65 -85.77 0.39E-03 1.5E-6    
205 7 37.15 -85.72 0.45E-02 1.8E-5    
205 7 37.20 -85.72 0.37E-02 4.5E-5    
205 7 37.25 -85.72 0.46E-02 3.9E-7    
205 7 37.30 -85.72 0.24E-02 6.9E-6    
205 7 37.35 -85.72 0.53E-02 3.3E-5    
205 7 37.40 -85.72 0.43E-02 2.6E-5    
205 7 37.45 -85.72 0.21E-02 1.1E-5    
205 7 37.50 -85.72 0.30E-02 2.2E-5    
205 7 37.55 -85.72 0.11E-02 5.5E-6    
205 7 37.60 -85.72 0.26E-03 1.7E-6    
205 7 37.65 -85.72 0.52E-05 4.6E-8    
205 7 37.20 -85.67 0.61E-02 4.3E-6    
205 7 37.25 -85.67 0.83E-02 2.0E-5    
205 7 37.30 -85.67 0.77E-02 4.0E-5    
205 7 37.35 -85.67 0.57E-02 7.5E-5    
205 7 37.40 -85.67 0.14E-01 6.4E-5    
205 7 37.45 -85.67 0.41E-02 1.8E-5    
205 7 37.50 -85.67 0.11E-02 8.5E-6    
205 7 37.55 -85.67 0.26E-03 7.7E-7    
205 7 37.60 -85.67 0.11E-03 1.3E-6    
205 7 37.65 -85.67 0.17E-02 3.2E-9    
205 7 37.20 -85.62 0.65E-02 0.0    
205 7 37.25 -85.62 0.42E-02 1.2E-5    
205 7 37.30 -85.62 0.28E-02 8.0E-6    
205 7 37.35 -85.62 0.50E-02 6.0E-6    
205 7 37.40 -85.62 0.88E-02 4.2E-5    
205 7 37.45 -85.62 0.53E-02 2.1E-5    
205 7 37.50 -85.62 0.41E-03 3.2E-6    
205 7 37.55 -85.62 0.35E-02 5.1E-5    
205 7 37.60 -85.62 0.40E-02 5.9E-7    
205 7 37.65 -85.62 0.11E-03 4.3E-7    
205 7 37.20 -85.57 0.24E-02 3.1E-5    
205 7 37.25 -85.57 0.14E-02 1.0E-5    
205 7 37.30 -85.57 0.35E-02 4.4E-5    
205 7 37.35 -85.57 0.29E-02 2.1E-5    
205 7 37.40 -85.57 0.14E-01 6.3E-5    
205 7 37.45 -85.57 0.47E-02 3.5E-5    
205 7 37.50 -85.57 0.17E-02 8.1E-6    
205 7 37.55 -85.57 0.35E-02 3.0E-6    
205 7 37.60 -85.57 0.11E-02 1.7E-5    
205 7 37.65 -85.57 0.18E-02 1.4E-5    
205 7 37.25 -85.52 0.78E-03 0.0    
205 7 37.35 -85.52 0.45E-02 2.5E-5    
205 7 37.40 -85.52 0.53E-02 3.3E-5    
205 7 37.45 -85.52 0.13E-02 3.6E-6    
205 7 37.50 -85.52 0.28E-02 2.3E-5    
205 7 37.55 -85.52 0.51E-02 7.2E-8    
205 7 37.60 -85.52 0.78E-03 4.4E-6    
205 7 37.65 -85.52 0.60E-04 2.7E-7    
205 7 37.30 -85.47 0.30E-03 0.0    
205 7 37.35 -85.47 0.27E-02 4.5E-5    
205 7 37.40 -85.47 0.38E-02 3.2E-5    
205 7 37.45 -85.47 0.76E-02 6.1E-5    
205 7 37.50 -85.47 0.24E-02 0.0    
205 7 37.55 -85.47 0.10E-02 4.8E-6    
205 7 37.60 -85.47 0.22E-05 0.0    
205 7 37.65 -85.47 0.11E-04 1.6E-7    
205 7 37.40 -85.42 0.20E-02 0.0    
205 7 37.45 -85.42 0.28E-02 2.4E-5    
205 7 37.50 -85.42 0.36E-02 2.5E-5    
205 7 37.55 -85.42 0.48E-02 4.6E-6    
205 7 37.60 -85.42 0.24E-03 1.1E-6    
205 7 37.65 -85.42 0.29E-04 1.3E-7    
205 7 37.55 -85.37 0.69E-04 4.5E-7    
205 7 37.60 -85.37 0.21E-04 6.0E-8    
205 7 37.65 -85.37 0.16E-04 1.6E-7    
