DAY HR   LAT     LON     DEP       CON
204 7 36.00 -86.80 5.8500000000000005 0.225
204 7 36.05 -86.80 2.0700000000000003 0.0765
204 7 36.10 -86.80 0.7919999999999998 0.0315
204 7 36.15 -86.80 0.30600000000000005 0.0144
204 7 36.20 -86.80 0.07739999999999998 0.00414
204 7 36.25 -86.80 0.00882 3.69E-4
204 7 36.10 -86.75 0.009000000000000001 7.47E-4
204 7 36.15 -86.75 0.18899999999999997 0.009
204 7 36.20 -86.75 0.18899999999999997 0.0099
204 7 36.25 -86.75 0.126 0.005129999999999999
204 7 36.30 -86.75 0.026999999999999996 8.37E-4
204 7 36.20 -86.70 0.0061200000000000004 5.94E-4
204 7 36.25 -86.70 0.043199999999999995 0.00261
204 7 36.30 -86.70 0.05760000000000001 0.00216
204 7 36.35 -86.70 0.014400000000000003 1.89E-4
204 7 36.35 -86.65 0.00594 5.4E-4
204 7 36.40 -86.60 0.00144 0.0
