DAY HR    LAT     LON C13700000 C13700001
204  9  36.00  -86.80  0.65E+00  0.25E-01
204  9  36.05  -86.80  0.23E+00  0.85E-02
204  9  36.10  -86.80  0.88E-01  0.35E-02
204  9  36.15  -86.80  0.34E-01  0.16E-02
204  9  36.20  -86.80  0.86E-02  0.46E-03
204  9  36.25  -86.80  0.98E-03  0.41E-04
204  9  36.10  -86.75  0.10E-02  0.83E-04
204  9  36.15  -86.75  0.21E-01  0.10E-02
204  9  36.20  -86.75  0.21E-01  0.11E-02
204  9  36.25  -86.75  0.14E-01  0.57E-03
204  9  36.30  -86.75  0.30E-02  0.93E-04
204  9  36.20  -86.70  0.68E-03  0.66E-04
204  9  36.25  -86.70  0.48E-02  0.29E-03
204  9  36.30  -86.70  0.64E-02  0.24E-03
204  9  36.35  -86.70  0.16E-02  0.21E-04
204  9  36.35  -86.65  0.66E-03  0.60E-04
204  9  36.40  -86.60  0.16E-03  0.00E+00
