      Y    CLAY     X  0       1       2       3       4       5       6       7       8       9      10      11      12      13      14      15      16      17      18      19      20
                 SAND  0       5      10      15      20      25      30      35      40      45      50      55      60      65      70      75      80      85      90      95     100
================ =======================================================================================================================================================================
       0       0    1.49    1.40    1.25    1.12    1.00    0.99    1.08    1.12    1.14    1.18    1.15    1.27    1.30    1.35    1.40    1.44    1.40    1.50    1.52    1.52    1.53
       1       5    1.52    1.45    1.35    1.20    1.10    1.12    1.17    1.21    1.23    1.25    1.29    1.33    1.38    1.43    1.47    1.51    1.55    1.60    1.56    1.57  -99.00
       2      10    1.52    1.46    1.40    1.26    1.18    1.20    1.25    1.29    1.31    1.35    1.40    1.46    1.51    1.53    1.57    1.60    1.63    1.64    1.64  -99.00  -99.00
       3      15    1.52    1.46    1.40    1.30    1.22    1.23    1.30    1.35    1.40    1.44    1.50    1.52    1.55    1.60    1.62    1.65    1.70    1.70  -99.00  -99.00  -99.00
       4      20    1.52    1.47    1.40    1.30    1.25    1.27    1.35    1.42    1.45    1.50    1.53    1.56    1.59    1.62    1.64    1.68    1.72  -99.00  -99.00  -99.00  -99.00
       5      25    1.52    1.47    1.40    1.30    1.27    1.30    1.39    1.45    1.48    1.52    1.55    1.58    1.61    1.63    1.66    1.69  -99.00  -99.00  -99.00  -99.00  -99.00
       6      30    1.52    1.47    1.40    1.31    1.29    1.35    1.42    1.46    1.50    1.54    1.58    1.61    1.62    1.65    1.67  -99.00  -99.00  -99.00  -99.00  -99.00  -99.00
       7      35    1.52    1.46    1.40    1.34    1.32    1.37    1.43    1.47    1.51    1.56    1.59    1.62    1.63    1.66  -99.00  -99.00  -99.00  -99.00  -99.00  -99.00  -99.00
       8      40    1.50    1.45    1.39    1.35    1.35    1.39    1.44    1.48    1.54    1.57    1.61    1.62    1.63  -99.00  -99.00  -99.00  -99.00  -99.00  -99.00  -99.00  -99.00
       9      45    1.48    1.45    1.39    1.37    1.37    1.40    1.44    1.48    1.54    1.58    1.61    1.62  -99.00  -99.00  -99.00  -99.00  -99.00  -99.00  -99.00  -99.00  -99.00
      10      50    1.47    1.44    1.38    1.37    1.37    1.41    1.44    1.48    1.53    1.58    1.61  -99.00  -99.00  -99.00  -99.00  -99.00  -99.00  -99.00  -99.00  -99.00  -99.00
      11      55    1.47    1.43    1.38    1.37    1.37    1.41    1.43    1.47    1.52    1.56  -99.00  -99.00  -99.00  -99.00  -99.00  -99.00  -99.00  -99.00  -99.00  -99.00  -99.00
      12      60    1.45    1.42    1.38    1.37    1.37    1.40    1.42    1.45    1.50  -99.00  -99.00  -99.00  -99.00  -99.00  -99.00  -99.00  -99.00  -99.00  -99.00  -99.00  -99.00
      13      65    1.43    1.41    1.38    1.37    1.35    1.36    1.41    1.44  -99.00  -99.00  -99.00  -99.00  -99.00  -99.00  -99.00  -99.00  -99.00  -99.00  -99.00  -99.00  -99.00
      14      70    1.42    1.40    1.37    1.33    1.31    1.30    1.35  -99.00  -99.00  -99.00  -99.00  -99.00  -99.00  -99.00  -99.00  -99.00  -99.00  -99.00  -99.00  -99.00  -99.00
      15      75    1.40    1.37    1.34    1.32    1.26    1.25  -99.00  -99.00  -99.00  -99.00  -99.00  -99.00  -99.00  -99.00  -99.00  -99.00  -99.00  -99.00  -99.00  -99.00  -99.00
      16      80    1.33    1.33    1.32    1.25    1.20  -99.00  -99.00  -99.00  -99.00  -99.00  -99.00  -99.00  -99.00  -99.00  -99.00  -99.00  -99.00  -99.00  -99.00  -99.00  -99.00
      17      85    1.28    1.28    1.24    1.17  -99.00  -99.00  -99.00  -99.00  -99.00  -99.00  -99.00  -99.00  -99.00  -99.00  -99.00  -99.00  -99.00  -99.00  -99.00  -99.00  -99.00
      18      90    1.23    1.20    1.18  -99.00  -99.00  -99.00  -99.00  -99.00  -99.00  -99.00  -99.00  -99.00  -99.00  -99.00  -99.00  -99.00  -99.00  -99.00  -99.00  -99.00  -99.00
      19      95    1.20    1.17  -99.00  -99.00  -99.00  -99.00  -99.00  -99.00  -99.00  -99.00  -99.00  -99.00  -99.00  -99.00  -99.00  -99.00  -99.00  -99.00  -99.00  -99.00  -99.00
      20     100    1.16  -99.00  -99.00  -99.00  -99.00  -99.00  -99.00  -99.00  -99.00  -99.00  -99.00  -99.00  -99.00  -99.00  -99.00  -99.00  -99.00  -99.00  -99.00  -99.00  -99.00
